0,1,0.46218082079540157
0,2,0.3435921354681384
0,3,0.4844813951249545
0,4,0.4268749491621899
0,5,0.25221243250702596
0,6,0.42163702135578396
0,7,0.448454134902457
0,8,0.19436506316151003
0,9,0.38873012632302006
0,10,0.2793842435706702
0,11,0.3274480450731417
0,12,0.6346477588219923
0,13,0.5134307266916455
0,14,0.6559556218051477
0,15,0.6009252125773316
0,16,0.6718548123582124
0,17,0.5550275268448904
0,18,0.5892556509887896
0,19,0.6508541396588877
0,20,0.16666666666666666
0,21,0.19436506316151003
0,22,0.20275875100994065
0,23,0.5088112507491249
0,24,0.25
0,25,0.4013864859597432
0,26,0.5696002496878353
0,27,0.2852873794770615
0,28,0.6057593948462082
0,29,0.3333333333333333
0,30,0.3435921354681384
0,31,0.5590169943749475
0,32,0.5270462766947299
0,33,0.5587684871413404
0,34,0.5398044913567215
0,35,0.6346477588219923
0,36,0.5892556509887896
0,37,0.6548960901462834
0,38,0.6871842709362768
0,39,0.6718548123582124
0,40,0.5374838498865699
0,41,0.3113590282044901
0,42,0.32188679859713276
0,43,0.27588242262078083
0,44,0.5174724898753341
0,45,0.37267799624996495
0,46,0.428498671072748
0,47,0.3004626062886658
0,48,0.17950549357115012
0,49,0.5174724898753341
0,50,0.38005847503304596
0,51,0.4166666666666667
0,52,0.3535533905932738
0,53,0.7529571332051013
0,54,0.667499479816693
0,55,0.5842849380986035
0,56,0.75
0,57,0.5842849380986035
0,58,0.7507403753036805
0,59,0.667499479816693
0,60,0.7546154281781181
0,61,0.37267799624996495
0,62,0.3004626062886658
0,63,0.23570226039551587
0,64,0.35901098714230023
0,65,0.4219662967057388
0,66,0.27588242262078083
0,67,0.2034425935955617
0,68,0.334995854037363
0,69,0.26352313834736496
0,70,0.9753916592266355
0,71,0.9501461875826149
0,72,0.39756201472921876
0,73,0.9285592184789413
0,74,0.33082388735465346
0,75,0.26352313834736496
0,76,0.8700255424092125
0,77,0.5398044913567215
0,78,0.6548960901462834
0,79,0.8513061859414757
0,80,0.8579691784155834
0,81,0.7905694150420948
0,82,0.5892556509887896
0,83,0.5398044913567215
0,84,0.5174724898753341
0,85,0.7695597587076797
0,86,0.4412734098291242
0,87,0.4055175020198813
0,88,0.44876373392787533
0,89,0.35433819375782166
0,90,0.3435921354681384
0,91,0.37267799624996495
0,92,0.7367345368433448
0,93,0.13743685418725535
0,94,0.6767980168082317
0,95,0.6200358412579424
0,96,0.40276819911981904
0,97,0.6718548123582124
0,98,0.5134307266916455
0,99,0.5590169943749475
0,100,0.6346477588219923
1,0,0.46218082079540157
1,2,0.14337208778404378
1,3,0.19436506316151003
1,4,0.2006932429798716
1,5,0.23570226039551587
1,6,0.8139410298049853
1,7,0.13017082793177756
1,8,0.3905124837953327
1,9,0.40858835573770874
1,10,0.32058973436118904
1,11,0.3004626062886658
1,12,0.4798726682962656
1,13,0.5
1,14,0.5270462766947299
1,15,0.5398044913567215
1,16,0.5587684871413404
1,17,0.5666666666666667
1,18,0.6166666666666667
1,19,0.6222718234198157
1,20,0.5550275268448904
1,21,0.4844813951249545
1,22,0.5540256712864887
1,23,0.6508541396588877
1,24,0.6132789830991365
1,25,0.5220153254455275
1,26,0.7646713164636307
1,27,0.6168918507773915
1,28,0.8666666666666667
1,29,0.6767980168082317
1,30,0.6289320754704402
1,31,0.9666666666666667
1,32,0.911195795522443
1,33,0.9370461864580398
1,34,0.8875684637129565
1,35,1.028618274947298
1,36,0.9293067906300433
1,37,1.0172129679778086
1,38,1.0446955962809878
1,39,1.0005554013202422
1,40,0.9867173410410457
1,41,0.7706418681131261
1,42,0.7835106182362106
1,43,0.7380529941828177
1,44,0.9753916592266355
1,45,0.8348319857578796
1,46,0.8856886837057615
1,47,0.7608474807008885
1,48,0.6413960468297951
1,49,0.9190877119308158
1,50,0.8374896350934075
1,51,0.874642784226795
1,52,0.8043285674675771
1,53,1.174260996920569
1,54,1.0960788698304922
1,55,1.0137937550497034
1,56,1.183685393637647
1,57,1.026861453383291
1,58,1.1897712198383166
1,59,1.1081766806586193
1,60,1.2005785642301336
1,61,0.7507403753036805
1,62,0.667499479816693
1,63,0.5842849380986035
1,64,0.7529571332051013
1,65,0.8439325934114776
1,66,0.6718548123582124
1,67,0.5892556509887896
1,68,0.768295371441074
1,69,0.6767980168082317
1,70,1.0373577546396957
1,71,0.9788031240017349
1,72,0.75018516232846
1,73,1.0034662148993578
1,74,0.6668749674580852
1,75,0.2034425935955617
1,76,0.9195409482755814
1,77,0.6009252125773316
1,78,0.726674311886388
1,79,0.9501461875826149
1,80,0.998471053383344
1,81,0.8642594774976116
1,82,0.507991688470939
1,83,0.47140452079103173
1,84,0.4126472801046649
1,85,0.7447967657168111
1,86,0.4068851871911234
1,87,0.5230784942158405
1,88,0.33082388735465346
1,89,0.1950783318453271
1,90,0.35901098714230023
1,91,0.2833333333333333
1,92,0.3004626062886658
1,93,0.3287180487219337
1,94,0.24608038433722335
1,95,0.18633899812498247
1,96,0.6066758241067098
1,97,0.21343747458109494
1,98,0.1
1,99,0.09718253158075502
1,100,0.17400510848184253
2,0,0.3435921354681384
2,1,0.14337208778404378
2,3,0.28382310609877337
2,4,0.25873624493766706
2,5,0.09718253158075502
2,6,0.6718548123582124
2,7,0.21666666666666667
2,8,0.24776781245530843
2,9,0.2833333333333333
2,10,0.17950549357115012
2,11,0.1674979270186815
2,12,0.4166666666666667
2,13,0.392286743197994
2,14,0.4576510072581994
2,15,0.44876373392787533
2,16,0.485912657903775
2,17,0.4576510072581994
2,18,0.5068968775248517
2,19,0.5270462766947299
2,20,0.4166666666666667
2,21,0.34197140881138655
2,22,0.4126472801046649
2,23,0.5209499869362595
2,24,0.47140452079103173
2,25,0.38908725099762503
2,26,0.6309164410249233
2,27,0.4737556801183965
2,28,0.7276293317647691
2,29,0.5335936864527374
2,30,0.485912657903775
2,31,0.8249579113843055
2,32,0.768295371441074
2,33,0.7939003575876369
2,34,0.744237118725537
2,35,0.885845484394554
2,36,0.7861650943380504
2,37,0.8738484485945552
2,38,0.9013878188659973
2,39,0.8579691784155834
2,40,0.8795516534639174
2,41,0.6548960901462834
2,42,0.6641619615057092
2,43,0.6166666666666667
2,44,0.8610394235392992
2,45,0.7120003121097942
2,46,0.7720823214600313
2,47,0.6346477588219923
2,48,0.5220153254455275
2,49,0.8348319857578796
2,50,0.7080881928749334
2,51,0.7453559924999299
2,52,0.6718548123582124
2,53,1.0834615308763338
2,54,1.0012492197250393
2,55,0.9180292902613607
2,56,1.0865337342004415
2,57,0.9240610850419407
2,58,1.0895972752454102
2,59,1.0067825540359303
2,60,1.0960788698304922
2,61,0.6718548123582124
2,62,0.5892556509887896
2,63,0.5068968775248517
2,64,0.6685390373377194
2,65,0.75018516232846
2,66,0.5842849380986035
2,67,0.5011098792790969
2,68,0.6685390373377194
2,69,0.5833333333333334
2,70,1.0671873729054748
2,71,1.0172129679778086
2,72,0.679869268479038
2,73,1.028618274947298
2,74,0.5983774357005412
2,75,0.08333333333333333
2,76,0.9501461875826149
2,77,0.6132789830991365
2,78,0.7433034373659253
2,79,0.9666666666666667
2,80,1.0034662148993578
2,81,0.885845484394554
2,82,0.5590169943749475
2,83,0.51478150704935
2,84,0.46218082079540157
2,85,0.7917982346813135
2,86,0.4301162633521313
2,87,0.5101742621671322
2,88,0.37267799624996495
2,89,0.2088327347690278
2,90,0.3535533905932738
2,91,0.3004626062886658
2,92,0.44378423185647825
2,93,0.20615528128088303
2,94,0.38873012632302006
2,95,0.3287180487219337
2,96,0.5746979883188889
2,97,0.3535533905932738
2,98,0.23213980461973532
2,99,0.23570226039551587
2,100,0.3004626062886658
3,0,0.4844813951249545
3,1,0.19436506316151003
3,2,0.28382310609877337
3,4,0.06009252125773315
3,5,0.339934634239519
3,6,0.8889756902063058
3,7,0.06871842709362767
3,8,0.49018137232842474
3,9,0.566911711723165
3,10,0.4527692569068708
3,11,0.45
3,12,0.6718548123582124
3,13,0.6741249472052229
3,14,0.7180219742846005
3,15,0.7236097782030804
3,16,0.749073501808141
3,17,0.740120110372484
3,18,0.7896905160321422
3,19,0.8045012257431448
3,20,0.6202598021976132
3,21,0.5756638679723514
3,22,0.6335525936249403
3,23,0.8015609770940699
3,24,0.693221144769514
3,25,0.6685390373377194
3,26,0.9075302260041321
3,27,0.7090682462060883
3,28,0.9944289260117533
3,29,0.768295371441074
3,30,0.7378647873726218
3,31,1.0354816378006044
3,32,0.9923317097736131
3,33,1.0215728613814636
3,34,0.9848857801796106
3,35,1.1061695670696745
3,36,1.0307764064044151
3,37,1.1106804721030759
3,38,1.1407843305765066
3,39,1.1080513425729774
3,40,0.954084785424114
3,41,0.7633988327065857
3,42,0.7835106182362106
3,43,0.7447967657168111
3,44,0.9575721614815482
3,45,0.8407998837086293
3,46,0.8692269873603532
3,47,0.7781745019952501
3,48,0.6491447364716816
3,49,0.8493461537493937
3,50,0.8603939666093539
3,51,0.8959786703810408
3,52,0.8374896350934075
3,53,1.1080513425729774
3,54,1.0382945418115015
3,55,0.9597453365925313
3,56,1.1279282877125754
3,57,0.9848857801796106
3,58,1.1392004993756706
3,59,1.0615763959529454
3,60,1.157703665787484
3,61,0.6800735254367721
3,62,0.6009252125773316
3,63,0.5230784942158405
3,64,0.690611645170022
3,65,0.7923242882669809
3,66,0.6193634725354015
3,67,0.5441609239104837
3,68,0.7304869000270375
3,69,0.6335525936249403
3,70,0.8514693182963201
3,71,0.7896905160321422
3,72,0.6670832032063168
3,73,0.8200609733428362
3,74,0.5861835131689658
3,75,0.291070819942883
3,76,0.7340905181848413
3,77,0.43333333333333335
3,78,0.5520165053893065
3,79,0.7720823214600313
3,80,0.8274794391537607
3,81,0.6841458583924598
3,82,0.3184162195757133
3,83,0.28674417556808757
3,84,0.22669117514559073
3,85,0.5540256712864887
3,86,0.24267032964268395
3,87,0.38477987935383984
3,88,0.15811388300841897
3,89,0.13017082793177756
3,90,0.23570226039551587
3,91,0.15365907428821476
3,92,0.2793842435706702
3,93,0.38042374035044424
3,94,0.2223610677354389
3,95,0.18333333333333332
3,96,0.48333333333333334
3,97,0.26874192494328497
3,98,0.1201850425154663
3,99,0.2173067468400883
3,100,0.291070819942883
4,0,0.4268749491621899
4,1,0.2006932429798716
4,2,0.25873624493766706
4,3,0.06009252125773315
4,5,0.3004626062886658
4,6,0.8353309390761112
4,7,0.07453559924999299
4,8,0.4447221354708778
4,9,0.5374838498865699
4,10,0.4166666666666667
4,11,0.4196559437338057
4,12,0.6637435917246626
4,13,0.6508541396588877
4,14,0.7080881928749334
4,15,0.706320670013903
4,16,0.7380529941828177
4,17,0.7158910531638177
4,18,0.7648529270389177
4,19,0.7854581111965452
4,20,0.5666666666666667
4,21,0.5270462766947299
4,22,0.582141639885766
4,23,0.7666666666666667
4,24,0.6413960468297951
4,25,0.6333333333333333
4,26,0.8692269873603532
4,27,0.6593346814950828
4,28,0.951168871558685
4,29,0.7180219742846005
4,30,0.6914156170897181
4,31,0.9805044053388485
4,32,0.9392668535736914
4,33,0.968962790249909
4,34,0.9346716595206636
4,35,1.052246274510973
4,36,0.9812124019690018
4,37,1.0593499054713802
4,38,1.089852181618121
4,39,1.0594810050208545
4,40,0.8944271909999159
4,41,0.7033649282003064
4,42,0.7236097782030804
4,43,0.6851601597031489
4,44,0.8975274678557507
4,45,0.7810249675906654
4,46,0.8091490729292238
4,47,0.7189884870040997
4,48,0.589726867098471
4,49,0.7923242882669809
4,50,0.8013876853447538
4,51,0.8368260140422128
4,52,0.779244648504064
4,53,1.0510576683618373
4,54,0.9803627446568495
4,55,0.9013878188659973
4,56,1.0699169230469356
4,57,0.9257129384665878
4,58,1.0807661891248983
4,59,1.002773930432755
4,60,1.0987366482566339
4,61,0.6227180564089801
4,62,0.542883249163411
4,63,0.46427960923947065
4,64,0.6324555320336759
4,65,0.7335227028221796
4,66,0.5602578771323871
4,67,0.4844813951249545
4,68,0.670820393249937
4,69,0.5739725119240854
4,70,0.8368260140422128
4,71,0.779244648504064
4,72,0.6112373606964082
4,73,0.8027729719194864
4,74,0.5296749527356901
4,75,0.25055493963954845
4,76,0.7189884870040997
4,77,0.40311288741492746
4,78,0.5270462766947299
4,79,0.75
4,80,0.8003471469028647
4,81,0.6637435917246626
4,82,0.3100179206289712
4,83,0.2713136766016618
4,84,0.21343747458109494
4,85,0.5467073155618909
4,86,0.2088327347690278
4,87,0.339934634239519
4,88,0.13017082793177756
4,89,0.07453559924999299
4,90,0.18333333333333332
4,91,0.1
4,92,0.3374742788552764
4,93,0.32829526005987014
4,94,0.2793842435706702
4,95,0.23570226039551587
4,96,0.4346134936801766
4,97,0.31666666666666665
4,98,0.15365907428821476
4,99,0.24776781245530843
4,100,0.3274480450731417
5,0,0.25221243250702596
5,1,0.23570226039551587
5,2,0.09718253158075502
5,3,0.339934634239519
5,4,0.3004626062886658
5,6,0.5785518319236593
5,7,0.2793842435706702
5,8,0.15723301886761004
5,9,0.24776781245530843
5,10,0.11785113019775793
5,11,0.13437096247164249
5,12,0.43748015828022296
5,13,0.37267799624996495
5,14,0.47140452079103173
5,15,0.44378423185647825
5,16,0.49553562491061687
5,17,0.43333333333333335
5,18,0.4798726682962656
5,19,0.51478150704935
5,20,0.3201562118716424
5,21,0.25
5,22,0.3184162195757133
5,23,0.46696419087073004
5,24,0.37785946829182115
5,25,0.3337497399083465
5,26,0.568868272195867
5,27,0.3836954811073779
5,28,0.6548960901462834
5,29,0.44378423185647825
5,30,0.40276819911981904
5,31,0.731057073315377
5,32,0.6767980168082317
5,33,0.7033649282003064
5,34,0.6574360974438674
5,35,0.7939003575876369
5,36,0.7009913614937697
5,37,0.7861650943380504
5,38,0.8146232939899958
5,39,0.7753135566408672
5,40,0.7896905160321422
5,41,0.5622375931144333
5,42,0.570087712549569
5,43,0.5220153254455275
5,44,0.768295371441074
5,45,0.6166666666666667
5,46,0.679869268479038
5,47,0.5385164807134503
5,48,0.428498671072748
5,49,0.7566372975210778
5,50,0.6112373606964082
5,51,0.6485025486114573
5,52,0.5746979883188889
5,53,1.0005554013202422
5,54,0.9166666666666666
5,55,0.8333333333333334
5,56,1.0005554013202422
5,57,0.8359957469322968
5,58,1.0022197585581938
5,59,0.9190877119308158
5,60,1.0067825540359303
5,61,0.5983774357005412
5,62,0.5174724898753341
5,63,0.43748015828022296
5,64,0.5918426968188235
5,65,0.667499479816693
5,66,0.5068968775248517
5,67,0.42491829279939874
5,68,0.5833333333333334
5,69,0.5024937810560445
5,70,1.0585629672133612
5,71,1.0150259985723409
5,72,0.6114645442614713
5,73,1.0172129679778086
5,74,0.5325515102890153
5,75,0.05
5,76,0.9433981132056604
5,77,0.6009252125773316
5,78,0.7304869000270375
5,79,0.9501461875826149
5,80,0.9788031240017349
5,81,0.8738484485945552
5,82,0.5746979883188889
5,83,0.5270462766947299
5,84,0.4810289896553937
5,85,0.798783797754784
5,86,0.43333333333333335
5,87,0.4844813951249545
5,88,0.392286743197994
5,89,0.23392781412696997
5,90,0.34318767136623335
5,91,0.3113590282044901
5,92,0.5335936864527374
5,93,0.11666666666666667
5,94,0.47667832153583634
5,95,0.4166666666666667
5,96,0.5335936864527374
5,97,0.448454134902457
5,98,0.3144660377352201
5,99,0.33082388735465346
5,100,0.39756201472921876
6,0,0.42163702135578396
6,1,0.8139410298049853
6,2,0.6718548123582124
6,3,0.8889756902063058
6,4,0.8353309390761112
6,5,0.5785518319236593
6,7,0.8412952976082642
6,8,0.4242640687119285
6,9,0.5077182070575939
6,10,0.5101742621671322
6,11,0.5502524673073059
6,12,0.7321960878829599
6,13,0.5590169943749475
6,14,0.7236097782030804
6,15,0.6368324391514266
6,16,0.7197607627229727
6,17,0.5510091751605514
6,18,0.5502524673073059
6,19,0.6335525936249403
6,20,0.26874192494328497
6,21,0.3299831645537222
6,22,0.2603416558635551
6,23,0.4013864859597432
6,24,0.2006932429798716
6,25,0.41231056256176607
6,26,0.35901098714230023
6,27,0.2034425935955617
6,28,0.2948634335492355
6,29,0.14907119849998599
6,30,0.22669117514559073
6,31,0.15365907428821476
6,32,0.10540925533894599
6,33,0.13743685418725535
6,34,0.14240006242195882
6,35,0.2173067468400883
6,36,0.19002923751652298
6,37,0.23570226039551587
6,38,0.26874192494328497
6,39,0.2713136766016618
6,40,0.5206833117271102
6,41,0.3578485092263981
6,42,0.3287180487219337
6,43,0.30641293851417056
6,44,0.45338235029118146
6,45,0.30731814857642953
6,46,0.4126472801046649
6,47,0.2608745973749755
6,48,0.334995854037363
6,49,0.6472162612982534
6,50,0.23570226039551587
6,51,0.25
6,52,0.19002923751652298
6,53,0.773340517208012
6,54,0.6871842709362768
6,55,0.6247221604663771
6,56,0.7350359023733316
6,57,0.5804691589089332
6,58,0.7174414416676961
6,59,0.6472162612982534
6,60,0.693221144769514
6,61,0.6009252125773316
6,62,0.5785518319236593
6,63,0.5676462121975467
6,64,0.5696002496878353
6,65,0.5459446451386399
6,66,0.5296749527356901
6,67,0.5177408189003022
6,68,0.4772607021092118
6,69,0.49721446300587663
6,70,1.3317699167315318
6,71,1.3218253372598903
6,72,0.6482883446258908
6,73,1.2823589374447562
6,74,0.6276056794587578
6,75,0.6168918507773915
6,76,1.238839062276542
6,77,0.9346716595206636
6,78,1.0338708279513882
6,79,1.200115735159646
6,80,1.1843892002959913
6,81,1.1559027256266468
6,82,1.0069204977995476
6,83,0.9581521567869873
6,84,0.9386751893552482
6,85,1.168569876197207
6,86,0.8610394235392992
6,87,0.8027729719194864
6,88,0.8700255424092125
6,89,0.7608474807008885
6,90,0.7646713164636307
6,91,0.7923242882669809
6,92,1.1118053386771944
6,93,0.5088112507491249
6,94,1.0542243067245647
6,95,0.9944289260117533
6,96,0.7673909622147558
6,97,1.025372561018135
6,98,0.8902246907382428
6,99,0.9075302260041321
6,100,0.9675283515799994
7,0,0.448454134902457
7,1,0.13017082793177756
7,2,0.21666666666666667
7,3,0.06871842709362767
7,4,0.07453559924999299
7,5,0.2793842435706702
7,6,0.8412952976082642
7,8,0.43333333333333335
7,9,0.5
7,10,0.38908725099762503
7,11,0.3836954811073779
7,12,0.6041522986797286
7,13,0.6057593948462082
7,14,0.65
7,15,0.6548960901462834
7,16,0.6808899405271832
7,17,0.6718548123582124
7,18,0.7214953607304453
7,19,0.7357913351548039
7,20,0.5734883511361751
7,21,0.521749194749951
7,22,0.5830951894845301
7,23,0.7363574011458174
7,24,0.6431260460524914
7,25,0.6036923425424945
7,26,0.8439325934114776
7,27,0.6559556218051477
7,28,0.9340770846134703
7,29,0.7156970184527962
7,30,0.6808899405271832
7,31,0.9900897826852765
7,32,0.9433981132056604
7,33,0.97182531580755
7,34,0.9316949906249123
7,35,1.0585629672133612
7,36,0.9766723549322408
7,37,1.0588253449512393
7,38,1.0883218478209673
7,39,1.0526421783092086
7,40,0.9410396142328736
7,41,0.7403077438170936
7,42,0.7581043610362772
7,43,0.7168604389202189
7,44,0.9392668535736914
7,45,0.8137703743822468
7,46,0.85
7,47,0.7470311610338323
7,48,0.6200358412579424
7,49,0.8498365855987975
7,50,0.827982823224948
7,51,0.8642594774976116
7,52,0.8017342313870462
7,53,1.1081766806586193
7,54,1.0349449797506682
7,55,0.9546668994413123
7,56,1.1241045819278166
7,57,0.9753916592266355
7,58,1.1334558757279536
7,59,1.0540925533894598
7,60,1.14915427839588
7,61,0.679869268479038
7,62,0.5983774357005412
7,63,0.5174724898753341
7,64,0.6871842709362768
7,65,0.7854581111965452
7,66,0.6114645442614713
7,67,0.5325515102890153
7,68,0.7180219742846005
7,69,0.6222718234198157
7,70,0.9081421817216853
7,71,0.8488554385497896
7,72,0.6718548123582124
7,73,0.8749603165604459
7,74,0.5892556509887896
7,75,0.23213980461973532
7,76,0.7903937134252917
7,77,0.4775516260631467
7,78,0.6009252125773316
7,79,0.8234412884690416
7,80,0.874642784226795
7,81,0.7367345368433448
7,82,0.37785946829182115
7,83,0.34197140881138655
7,84,0.282842712474619
7,85,0.6146362971528591
7,86,0.2833333333333333
7,87,0.41231056256176607
7,88,0.2034425935955617
7,89,0.10540925533894599
7,90,0.25221243250702596
7,91,0.1699673171197595
7,92,0.29154759474226505
7,93,0.3333333333333333
7,94,0.23154073315749674
7,95,0.17950549357115012
7,96,0.5044248650140519
7,97,0.25221243250702596
7,98,0.08333333333333333
7,99,0.17400510848184253
7,100,0.25495097567963926
8,0,0.19436506316151003
8,1,0.3905124837953327
8,2,0.24776781245530843
8,3,0.49018137232842474
8,4,0.4447221354708778
8,5,0.15723301886761004
8,6,0.4242640687119285
8,7,0.43333333333333335
8,9,0.19436506316151003
8,10,0.10137937550497032
8,11,0.15092308563562362
8,12,0.44284434185288074
8,13,0.3201562118716424
8,14,0.46218082079540157
8,15,0.4068851871911234
8,16,0.4775516260631467
8,17,0.3655285366576885
8,18,0.4034572812303402
8,19,0.4597704741377907
8,20,0.17950549357115012
8,21,0.09428090415820634
8,22,0.16666666666666666
8,23,0.34801021696368506
8,24,0.2242270674512285
8,25,0.22360679774997896
8,26,0.4346134936801766
8,27,0.22669117514559073
8,28,0.5068968775248517
8,29,0.28674417556808757
8,30,0.24776781245530843
8,31,0.5775907817054485
8,32,0.5206833117271102
8,33,0.5467073155618909
8,34,0.5002777006601211
8,35,0.6381396573025548
8,36,0.5441609239104837
8,37,0.6289320754704402
8,38,0.6574360974438674
8,39,0.6193634725354015
8,40,0.7007932013876214
8,41,0.46696419087073004
8,42,0.46696419087073004
8,43,0.4169998667732268
8,44,0.667499479816693
8,45,0.5044248650140519
8,46,0.5833333333333334
8,47,0.4219662967057388
8,48,0.334995854037363
8,49,0.706320670013903
8,50,0.4853406592853679
8,51,0.5220153254455275
8,52,0.44284434185288074
8,53,0.9316949906249123
8,54,0.8439325934114776
8,55,0.7617596588017627
8,56,0.9221050795748702
8,57,0.7529571332051013
8,58,0.9190877119308158
8,59,0.8359957469322968
8,60,0.9168181692983378
8,61,0.5666666666666667
8,62,0.49469406932186094
8,63,0.4268749491621899
8,64,0.5517648452415617
8,65,0.6066758241067098
8,66,0.4696334267868457
8,67,0.39756201472921876
8,68,0.5174724898753341
8,69,0.45521667612492206
8,70,1.1329656266238228
8,71,1.0987366482566339
8,72,0.5918426968188235
8,73,1.0883218478209673
8,74,0.5233439489369194
8,75,0.20138409955990952
8,76,1.0221165404307977
8,77,0.6808899405271832
8,78,0.8055363982396381
8,79,1.0150259985723409
8,80,1.0309111396128077
8,81,0.9466314547441951
8,82,0.688395880935446
8,83,0.6387922632245601
8,84,0.6009252125773316
8,85,0.8975274678557507
8,86,0.5398044913567215
8,87,0.5517648452415617
8,88,0.5166666666666667
8,89,0.37267799624996495
8,90,0.4412734098291242
8,91,0.43333333333333335
8,92,0.6900080514828151
8,93,0.13743685418725535
8,94,0.6335525936249403
8,95,0.5734883511361751
8,96,0.5734883511361751
8,97,0.6011562932290477
8,98,0.4716990566028302
8,99,0.48333333333333334
8,100,0.5441609239104837
9,0,0.38873012632302006
9,1,0.40858835573770874
9,2,0.2833333333333333
9,3,0.566911711723165
9,4,0.5374838498865699
9,5,0.24776781245530843
9,6,0.5077182070575939
9,7,0.5
9,8,0.19436506316151003
9,10,0.13437096247164249
9,11,0.11785113019775793
9,12,0.25495097567963926
9,13,0.13017082793177756
9,14,0.26925824035672513
9,15,0.21343747458109494
9,16,0.2833333333333333
9,17,0.18633899812498247
9,18,0.23213980461973532
9,19,0.27335365778094545
9,20,0.334995854037363
9,21,0.23570226039551587
9,22,0.3
9,23,0.24267032964268395
9,24,0.33706247360261143
9,25,0.1201850425154663
9,26,0.35901098714230023
9,27,0.3113590282044901
9,28,0.4716990566028302
9,29,0.35901098714230023
9,30,0.2833333333333333
9,31,0.6559556218051477
9,32,0.5830951894845301
9,33,0.6009252125773316
9,34,0.5335936864527374
9,35,0.6980130530457308
9,36,0.5661762583821011
9,37,0.6616477747093069
9,38,0.6839428176227731
9,39,0.6256108126374487
9,40,0.8768630958643937
9,41,0.6439893028787218
9,42,0.6387922632245601
9,43,0.5892556509887896
9,44,0.8359957469322968
9,45,0.667499479816693
9,46,0.7566372975210778
9,47,0.5842849380986035
9,48,0.5174724898753341
9,49,0.8975274678557507
9,50,0.6342099196813482
9,51,0.6685390373377194
9,52,0.5854722690083433
9,53,1.1156711980786373
9,54,1.026861453383291
9,55,0.9458975749108475
9,56,1.1016401913107159
9,57,0.9316949906249123
9,58,1.0960788698304922
9,59,1.0137937550497034
9,60,1.0895972752454102
9,61,0.7608474807008885
9,62,0.6890008869531462
9,63,0.6200358412579424
9,64,0.7453559924999299
9,65,0.7959969290839702
9,66,0.6637435917246626
9,67,0.5918426968188235
9,68,0.706320670013903
9,69,0.6485025486114573
9,70,1.300534078326627
9,71,1.2598500792642837
9,72,0.7861650943380504
9,73,1.2578641509408803
9,74,0.7168604389202189
9,75,0.2953340857778225
9,76,1.1866151674218375
9,77,0.8434387285919995
9,78,0.97182531580755
9,79,1.1880188924797823
9,80,1.2103718436910202
9,81,1.1147994338793763
9,82,0.822259758902934
9,83,0.774775953277964
9,84,0.7280109889280518
9,85,1.046156988431681
9,86,0.6808899405271832
9,87,0.7211102550927979
9,88,0.6387922632245601
9,89,0.4772607021092118
9,90,0.5890199015690765
9,91,0.5587684871413404
9,92,0.6964194138592059
9,93,0.30731814857642953
9,94,0.6482883446258908
9,95,0.590668171555645
9,96,0.7557189365836423
9,97,0.5890199015690765
9,98,0.5068968775248517
9,99,0.4798726682962656
9,100,0.51478150704935
10,0,0.2793842435706702
10,1,0.32058973436118904
10,2,0.17950549357115012
10,3,0.4527692569068708
10,4,0.4166666666666667
10,5,0.11785113019775793
10,6,0.5101742621671322
10,7,0.38908725099762503
10,8,0.10137937550497032
10,9,0.13437096247164249
10,11,0.05
10,12,0.3578485092263981
10,13,0.26352313834736496
10,14,0.3836954811073779
10,15,0.34197140881138655
10,16,0.4034572812303402
10,17,0.32058973436118904
10,18,0.3655285366576885
10,19,0.4068851871911234
10,20,0.2793842435706702
10,21,0.18633899812498247
10,22,0.2608745973749755
10,23,0.35
10,24,0.3144660377352201
10,25,0.21666666666666667
10,26,0.4549114687985394
10,27,0.30731814857642953
10,28,0.5482294734466174
10,29,0.3655285366576885
10,30,0.3100179206289712
10,31,0.6637435917246626
10,32,0.6011562932290477
10,33,0.6247221604663771
10,34,0.570087712549569
10,35,0.7189884870040997
10,36,0.6103277807866851
10,37,0.7001983845866668
10,38,0.726674311886388
10,39,0.6802777210652851
10,40,0.8001735922771869
10,41,0.5666666666666667
10,42,0.5676462121975467
10,43,0.5177408189003022
10,44,0.768295371441074
10,45,0.6057593948462082
10,46,0.683536555146996
10,47,0.5233439489369194
10,48,0.43365372770858956
10,49,0.7966945601811413
10,50,0.5861835131689658
10,51,0.6227180564089801
10,52,0.542883249163411
10,53,1.0276726672978662
10,54,0.9405967373014975
10,55,0.8579691784155834
10,56,1.0200762498732905
10,57,0.8514693182963201
10,58,1.0178954323068314
10,59,0.9346716595206636
10,60,1.0166666666666666
10,61,0.65
10,62,0.5739725119240854
10,63,0.5002777006601211
10,64,0.637921973633488
10,65,0.6996030620605118
10,66,0.5540256712864887
10,67,0.4772607021092118
10,68,0.6112373606964082
10,69,0.542883249163411
10,70,1.1661903789690602
10,71,1.1255862669935364
10,72,0.670820393249937
10,73,1.1236102527122116
10,74,0.5974482776311639
10,75,0.1674979270186815
10,76,1.052246274510973
10,77,0.7090682462060883
10,78,0.8374896350934075
10,79,1.0540925533894598
10,80,1.077677544021814
10,81,0.9805044053388485
10,82,0.6914156170897181
10,83,0.6433419688539594
10,84,0.5983774357005412
10,85,0.9130230616534891
10,86,0.5482294734466174
10,87,0.5871304984602845
10,88,0.5099019513592785
10,89,0.35158371849548314
10,90,0.45521667612492206
10,91,0.428498671072748
10,92,0.6202598021976132
10,93,0.17716909687891083
10,94,0.5666666666666667
10,95,0.5068968775248517
10,96,0.6247221604663771
10,97,0.5233439489369194
10,98,0.41163630117428224
10,99,0.4068851871911234
10,100,0.4597704741377907
11,0,0.3274480450731417
11,1,0.3004626062886658
11,2,0.1674979270186815
11,3,0.45
11,4,0.4196559437338057
11,5,0.13437096247164249
11,6,0.5502524673073059
11,7,0.3836954811073779
11,8,0.15092308563562362
11,9,0.11785113019775793
11,10,0.05
11,12,0.3144660377352201
11,13,0.2386303510546059
11,14,0.3435921354681384
11,15,0.3100179206289712
11,16,0.3655285366576885
11,17,0.3004626062886658
11,18,0.34801021696368506
11,19,0.38042374035044424
11,20,0.3274480450731417
11,21,0.23213980461973532
11,22,0.30641293851417056
11,23,0.3535533905932738
11,24,0.3578485092263981
11,25,0.2223610677354389
11,26,0.4648775226993785
11,27,0.3468108674447469
11,28,0.566911711723165
11,29,0.4034572812303402
11,30,0.34197140881138655
11,31,0.7033649282003064
11,32,0.6381396573025548
11,33,0.660387091871965
11,34,0.6020797289396147
11,35,0.7557189365836423
11,36,0.6403124237432848
11,37,0.7321960878829599
11,38,0.7575545451575675
11,39,0.7073031724640982
11,40,0.8501633829904566
11,41,0.6166666666666667
11,42,0.6175669104549635
11,43,0.5676462121975467
11,44,0.8181958472422385
11,45,0.6553201083779167
11,46,0.7335227028221796
11,47,0.5727613425813193
11,48,0.48362060428489695
11,49,0.8449194570424384
11,50,0.6346477588219923
11,51,0.6710274046399132
11,52,0.590668171555645
11,53,1.0771619088037685
11,54,0.9902300518341967
11,55,0.9075302260041321
11,56,1.0699169230469356
11,57,0.9013878188659973
11,58,1.0678378986427566
11,59,0.9846036991827954
11,60,1.0666666666666667
11,61,0.6964194138592059
11,62,0.6193634725354015
11,63,0.5441609239104837
11,64,0.6851601597031489
11,65,0.7485170524295206
11,66,0.6009252125773316
11,67,0.5230784942158405
11,68,0.660387091871965
11,69,0.590668171555645
11,70,1.1926860441876563
11,71,1.1493959766377777
11,72,0.7158910531638177
11,73,1.1510864433221337
11,74,0.6411794687223781
11,75,0.17950549357115012
11,76,1.077677544021814
11,77,0.7350359023733316
11,78,0.8644201653259961
11,79,1.0833333333333333
11,80,1.1100550536897809
11,81,1.0077477638553982
11,82,0.706320670013903
11,83,0.6593346814950828
11,84,0.6114645442614713
11,85,0.932440048713291
11,86,0.566911711723165
11,87,0.6168918507773915
11,88,0.5220153254455275
11,89,0.359783885748715
11,90,0.4775516260631467
11,91,0.44284434185288074
11,92,0.5962847939999439
11,93,0.2173067468400883
11,94,0.5449260908090605
11,95,0.485912657903775
11,96,0.660387091871965
11,97,0.49469406932186094
11,98,0.39616214413349043
11,99,0.38042374035044424
11,100,0.4268749491621899
12,0,0.6346477588219923
12,1,0.4798726682962656
12,2,0.4166666666666667
12,3,0.6718548123582124
12,4,0.6637435917246626
12,5,0.43748015828022296
12,6,0.7321960878829599
12,7,0.6041522986797286
12,8,0.44284434185288074
12,9,0.25495097567963926
12,10,0.3578485092263981
12,11,0.3144660377352201
12,13,0.17400510848184253
12,14,0.05
12,15,0.11785113019775793
12,16,0.08333333333333333
12,17,0.2034425935955617
12,18,0.23570226039551587
12,19,0.18633899812498247
12,20,0.5892556509887896
12,21,0.4904646323187387
12,22,0.552268050859363
12,23,0.36590830666833585
12,24,0.5833333333333334
12,25,0.32058973436118904
12,26,0.47667832153583634
12,27,0.5510091751605514
12,28,0.6103277807866851
12,29,0.5892556509887896
12,30,0.5068968775248517
12,31,0.8700255424092125
12,32,0.7905694150420948
12,33,0.8017342313870462
12,34,0.7243771270700243
12,35,0.8975274678557507
12,36,0.7453559924999299
12,37,0.8422852512328851
12,38,0.8579691784155834
12,39,0.7861650943380504
12,40,1.131616346451197
12,41,0.8989191040107867
12,42,0.8933395522171598
12,43,0.8439325934114776
12,44,1.0895972752454102
12,45,0.9204467514322717
12,46,1.0111874208078342
12,47,0.8374896350934075
12,48,0.7720823214600313
12,49,1.14915427839588
12,50,0.8834905520465713
12,51,0.9166666666666666
12,52,0.8333333333333334
12,53,1.3704216707114476
12,54,1.2817089286486918
12,55,1.2005785642301336
12,56,1.3565683830083088
12,57,1.1866151674218375
12,58,1.350822794530142
12,59,1.2686388155990043
12,60,1.3437096247164249
12,61,1.0069204977995476
12,62,0.9316949906249123
12,63,0.8579691784155834
12,64,0.9935905707192587
12,65,1.0489412651706376
12,66,0.9104333522498441
12,67,0.8348319857578796
12,68,0.9594558643082837
12,69,0.8975274678557507
12,70,1.4837078178970713
12,71,1.4337208778404378
12,72,1.028618274947298
12,73,1.4447221955179557
12,74,0.9551032521262934
12,75,0.47140452079103173
12,76,1.366768288904727
12,77,1.028618274947298
12,78,1.15878288638458
12,79,1.3813238416662315
12,80,1.4142135623730951
12,81,1.3017082793177754
12,82,0.97182531580755
12,83,0.9293067906300433
12,84,0.874642784226795
12,85,1.2066942906598637
12,86,0.8467257197253693
12,87,0.9192388155425117
12,88,0.7861650943380504
12,89,0.6240548408949684
12,90,0.768295371441074
12,91,0.7168604389202189
12,92,0.7
12,93,0.5317685377847938
12,94,0.6685390373377194
12,95,0.6222718234198157
12,96,0.9709674442419672
12,97,0.5833333333333334
12,98,0.5746979883188889
12,99,0.5068968775248517
12,100,0.5
13,0,0.5134307266916455
13,1,0.5
13,2,0.392286743197994
13,3,0.6741249472052229
13,4,0.6508541396588877
13,5,0.37267799624996495
13,6,0.5590169943749475
13,7,0.6057593948462082
13,8,0.3201562118716424
13,9,0.13017082793177756
13,10,0.26352313834736496
13,11,0.2386303510546059
13,12,0.17400510848184253
13,14,0.16666666666666666
13,15,0.08975274678557506
13,16,0.1699673171197595
13,17,0.06666666666666667
13,18,0.11666666666666667
13,19,0.14337208778404378
13,20,0.43748015828022296
13,21,0.3435921354681384
13,22,0.39616214413349043
13,23,0.2006932429798716
13,24,0.4196559437338057
13,25,0.15
13,26,0.3184162195757133
13,27,0.3836954811073779
13,28,0.448454134902457
13,29,0.4179978734661484
13,30,0.334995854037363
13,31,0.6960204339273701
13,32,0.6166666666666667
13,33,0.6282692274990255
13,34,0.5517648452415617
13,35,0.7243771270700243
13,36,0.5746979883188889
13,37,0.6718548123582124
13,38,0.6890008869531462
13,39,0.6200358412579424
13,40,0.978235372721946
13,41,0.7487025815072067
13,42,0.7397447007057382
13,43,0.6914156170897181
13,44,0.9316949906249123
13,45,0.7617596588017627
13,46,0.856997342145496
13,47,0.679869268479038
13,48,0.6282692274990255
13,49,1.013930744950342
13,50,0.7197607627229727
13,51,0.7516648189186453
13,52,0.6685390373377194
13,53,1.2229290885229427
13,54,1.1334558757279536
13,55,1.0540925533894598
13,56,1.204620733306177
13,57,1.0349449797506682
13,58,1.1967548714010825
13,59,1.1156711980786373
13,60,1.1866151674218375
13,61,0.8833333333333333
13,62,0.8137703743822468
13,63,0.7470311610338323
13,64,0.8661857640124188
13,65,0.9104333522498441
13,66,0.7861650943380504
13,67,0.7168604389202189
13,68,0.8207381501496753
13,69,0.7690181330039552
13,70,1.4292577716345565
13,71,1.3873435847771172
13,72,0.9107384061542834
13,73,1.3869430814244366
13,74,0.8434387285919995
13,75,0.4179978734661484
13,76,1.3148721948877349
13,77,0.97182531580755
13,78,1.1006311320732705
13,79,1.317615691736825
13,80,1.3405015645065261
13,81,1.2437622137870423
13,82,0.9441339358845697
13,83,0.8975274678557507
13,84,0.8486918037649344
13,85,1.171063144706078
13,86,0.8055363982396381
13,87,0.850653343678323
13,88,0.7590198357823801
13,89,0.5955856128401879
13,90,0.7156970184527962
13,91,0.6808899405271832
13,92,0.768295371441074
13,93,0.43748015828022296
13,94,0.7261006970263989
13,95,0.6718548123582124
13,96,0.885845484394554
13,97,0.6548960901462834
13,98,0.6
13,99,0.5562773089426212
13,100,0.5746979883188889
14,0,0.6559556218051477
14,1,0.5270462766947299
14,2,0.4576510072581994
14,3,0.7180219742846005
14,4,0.7080881928749334
14,5,0.47140452079103173
14,6,0.7236097782030804
14,7,0.65
14,8,0.46218082079540157
14,9,0.26925824035672513
14,10,0.3836954811073779
14,11,0.3435921354681384
14,12,0.05
14,13,0.16666666666666666
14,15,0.08975274678557506
14,16,0.03333333333333333
14,17,0.17950549357115012
14,18,0.2034425935955617
14,19,0.14337208778404378
14,20,0.5983774357005412
14,21,0.5013869652163775
14,22,0.5590169943749475
14,23,0.3435921354681384
14,24,0.5854722690083433
14,25,0.31666666666666665
14,26,0.44876373392787533
14,27,0.5502524673073059
14,28,0.5830951894845301
14,29,0.5842849380986035
14,30,0.5011098792790969
14,31,0.856997342145496
14,32,0.7762087348130011
14,33,0.7854581111965452
14,34,0.706320670013903
14,35,0.8801830617673929
14,36,0.7243771270700243
14,37,0.8207381501496753
14,38,0.8348319857578796
14,39,0.7608474807008885
14,40,1.1407843305765066
14,41,0.9095175766428168
14,42,0.9021579068482904
14,43,0.8532617157446802
14,44,1.0960788698304922
14,45,0.9263128821060168
14,46,1.019803902718557
14,47,0.8439325934114776
14,48,0.7854581111965452
14,49,1.1667857082124757
14,50,0.885845484394554
14,51,0.9180292902613607
14,52,0.8348319857578796
14,53,1.3828312341794362
14,54,1.2936812246883354
14,55,1.2133516482134197
14,56,1.3666666666666667
14,57,1.1967548714010825
14,58,1.359738536958076
14,59,1.2781279713358562
14,60,1.350822794530142
14,61,1.028618274947298
14,62,0.9551032521262934
14,63,0.8833333333333333
14,64,1.013930744950342
14,65,1.0651030205780305
14,66,0.9316949906249123
14,67,0.8579691784155834
14,68,0.9753916592266355
14,69,0.9172725270544676
14,70,1.5233369803019803
14,71,1.4746939418815763
14,72,1.052246274510973
14,73,1.4837078178970713
14,74,0.9805044053388485
14,75,0.507991688470939
14,76,1.4067298564006128
14,77,1.0671873729054748
14,78,1.1973350037107873
14,79,1.419115530493867
14,80,1.45
14,81,1.3405015645065261
14,82,1.0150259985723409
14,83,0.97182531580755
14,84,0.9178779875342908
14,85,1.2491107948367821
14,86,0.8875684637129565
14,87,0.95524865872714
14,88,0.8289886743630592
14,89,0.6660413734229361
14,90,0.8069145624606804
14,91,0.7581043610362772
14,92,0.75
14,93,0.560009920547048
14,94,0.7184087354084102
14,95,0.6718548123582124
14,96,1.0034662148993578
14,97,0.6333333333333333
14,98,0.6227180564089801
14,99,0.5562773089426212
14,100,0.55
15,0,0.6009252125773316
15,1,0.5398044913567215
15,2,0.44876373392787533
15,3,0.7236097782030804
15,4,0.706320670013903
15,5,0.44378423185647825
15,6,0.6368324391514266
15,7,0.6548960901462834
15,8,0.4068851871911234
15,9,0.21343747458109494
15,10,0.34197140881138655
15,11,0.3100179206289712
15,12,0.11785113019775793
15,13,0.08975274678557506
15,14,0.08975274678557506
15,16,0.08333333333333333
15,17,0.08975274678557506
15,18,0.11785113019775793
15,19,0.08333333333333333
15,20,0.5270462766947299
15,21,0.43333333333333335
15,22,0.4853406592853679
15,23,0.2538591035287969
15,24,0.5068968775248517
15,25,0.23570226039551587
15,26,0.36055512754639896
15,27,0.4693375946776241
15,28,0.49469406932186094
15,29,0.5
15,30,0.4166666666666667
15,31,0.768295371441074
15,32,0.6871842709362768
15,33,0.6960204339273701
15,34,0.6166666666666667
15,35,0.7905694150420948
15,36,0.6346477588219923
15,37,0.731057073315377
15,38,0.7453559924999299
15,39,0.6718548123582124
15,40,1.0671873729054748
15,41,0.8381527307120106
15,42,0.8288211172770904
15,43,0.7806692285753579
15,44,1.019803902718557
15,45,0.8498365855987975
15,46,0.9458975749108475
15,47,0.768295371441074
15,48,0.7180219742846005
15,49,1.1035296904831233
15,50,0.8062257748298549
15,51,0.8374896350934075
15,52,0.7546154281781181
15,53,1.3124404748406688
15,54,1.2229290885229427
15,55,1.1437025642865175
15,56,1.2936812246883354
15,57,1.1241045819278166
15,58,1.285496013218244
15,59,1.204620733306177
15,60,1.2747548783981961
15,61,0.97182531580755
15,62,0.9013878188659973
15,63,0.8333333333333334
15,64,0.9551032521262934
15,65,1.0001388792451664
15,66,0.874642784226795
15,67,0.8043285674675771
15,68,0.9104333522498441
15,69,0.8579691784155834
15,70,1.5023130314433288
15,71,1.4577379737113254
15,72,0.998471053383344
15,73,1.460973800054075
15,74,0.9300537618869137
15,75,0.485912657903775
15,76,1.3869430814244366
15,77,1.0446955962809878
15,78,1.174260996920569
15,79,1.3933373205684576
15,80,1.419115530493867
15,81,1.317615691736825
15,82,1.0069204977995476
15,83,0.9616247824501104
15,84,0.9104333522498441
15,85,1.237380746218039
15,86,0.872576007513895
15,87,0.9267625849638562
15,88,0.8207381501496753
15,89,0.6565905201197403
15,90,0.7861650943380504
15,91,0.7453559924999299
15,92,0.787753486539765
15,93,0.5185449728701349
15,94,0.7507403753036805
15,95,0.7
15,96,0.9666666666666667
15,97,0.6718548123582124
15,98,0.6387922632245601
15,99,0.5833333333333334
15,100,0.5892556509887896
16,0,0.6718548123582124
16,1,0.5587684871413404
16,2,0.485912657903775
16,3,0.749073501808141
16,4,0.7380529941828177
16,5,0.49553562491061687
16,6,0.7197607627229727
16,7,0.6808899405271832
16,8,0.4775516260631467
16,9,0.2833333333333333
16,10,0.4034572812303402
16,11,0.3655285366576885
16,12,0.08333333333333333
16,13,0.1699673171197595
16,14,0.03333333333333333
16,15,0.08333333333333333
16,17,0.1699673171197595
16,18,0.18633899812498247
16,19,0.11785113019775793
16,20,0.6066758241067098
16,21,0.5112620550059322
16,22,0.5659308948783216
16,23,0.3320809807528546
16,24,0.5892556509887896
16,25,0.3184162195757133
16,26,0.43237072570242824
16,27,0.552268050859363
16,28,0.5666666666666667
16,29,0.5833333333333334
16,30,0.5
16,31,0.8498365855987975
16,32,0.768295371441074
16,33,0.7762087348130011
16,34,0.6960204339273701
16,35,0.8700255424092125
16,36,0.7120003121097942
16,37,0.8077747210701757
16,38,0.8207381501496753
16,39,0.7453559924999299
16,40,1.148066006619635
16,41,0.9180292902613607
16,42,0.9095175766428168
16,43,0.8610394235392992
16,44,1.1016401913107159
16,45,0.9316949906249123
16,46,1.026861453383291
16,47,0.8498365855987975
16,48,0.7959969290839702
16,49,1.1795714852813666
16,50,0.8889756902063058
16,51,0.9204467514322717
16,52,0.8374896350934075
16,53,1.3920408678547402
16,54,1.3026682019779423
16,55,1.2229290885229427
16,56,1.3743685418725535
16,57,1.204620733306177
16,58,1.3666666666666667
16,59,1.285496013218244
16,60,1.3565683830083088
16,61,1.044163673845139
