0,1,0.2538591035287969
0,2,0.3
0,3,0.37267799624996495
0,4,0.4166666666666667
0,5,0.3435921354681384
0,6,0.18633899812498247
0,7,0.3535533905932738
0,8,0.43748015828022296
0,9,0.5335936864527374
0,10,0.42491829279939874
0,11,0.5590169943749475
0,12,0.25
0,13,0.18633899812498247
0,14,0.5335936864527374
0,15,0.5068968775248517
0,16,0.485912657903775
0,17,0.5068968775248517
0,18,0.26352313834736496
0,19,0.5335936864527374
0,20,0.5270462766947299
0,21,0.3004626062886658
0,22,0.44876373392787533
0,23,0.6009252125773316
0,24,0.5
0,25,0.5590169943749475
0,26,0.18633899812498247
0,27,0.08333333333333333
0,28,0.10540925533894599
0,29,0.49721446300587663
0,30,0.42491829279939874
0,31,0.291070819942883
0,32,0.5666666666666667
0,33,0.4126472801046649
0,34,0.6009252125773316
0,35,0.6839428176227731
0,36,0.6900080514828151
0,37,0.3535533905932738
0,38,0.7071067811865476
0,39,0.5661762583821011
0,40,0.18633899812498247
0,41,0.4810289896553937
0,42,0.42491829279939874
0,43,0.5696002496878353
0,44,0.5315072906367325
0,45,0.485912657903775
0,46,0.5911382616989399
0,47,0.570087712549569
0,48,0.4633812924819281
0,49,0.7321960878829599
0,50,0.282842712474619
0,51,0.44876373392787533
0,52,0.18856180831641267
0,53,0.07453559924999299
0,54,0.38005847503304596
0,55,0.5077182070575939
0,56,0.48676939555034116
0,57,0.3865804501581067
0,58,0.15092308563562362
0,59,0.2967415635794143
0,60,0.3004626062886658
0,61,0.42491829279939874
0,62,0.42491829279939874
0,63,0.582141639885766
0,64,0.7753135566408672
0,65,0.8321658488546619
0,66,0.6749485577105528
0,67,0.731057073315377
0,68,0.35629263877386586
0,69,0.20275875100994065
0,70,0.35158371849548314
0,71,0.6610177338350647
0,72,0.3745367509040705
0,73,0.3354101966249685
0,74,0.4099457958749615
0,75,0.4630814663149935
0,76,0.2608745973749755
0,77,0.32829526005987014
0,78,0.5177408189003022
0,79,0.4258977446393546
0,80,0.35158371849548314
0,81,0.4597704741377907
0,82,0.38873012632302006
0,83,0.35158371849548314
0,84,0.4055175020198813
0,85,0.3836954811073779
0,86,0.5892556509887896
0,87,0.30641293851417056
0,88,0.32058973436118904
0,89,0.15
0,90,0.5374838498865699
0,91,0.4268749491621899
0,92,0.30641293851417056
0,93,0.3374742788552764
0,94,0.2006932429798716
0,95,0.24776781245530843
0,96,0.25440562537456246
0,97,0.28674417556808757
0,98,0.35433819375782166
0,99,0.29154759474226505
0,100,0.4006938426723769
1,0,0.2538591035287969
1,2,0.5426273532033236
1,3,0.24267032964268395
1,4,0.5367080729368205
1,5,0.5367080729368205
1,6,0.413991411612474
1,7,0.3503966006938107
1,8,0.5262551134615648
1,9,0.2967415635794143
1,10,0.25927248643506745
1,11,0.4400126260814695
1,12,0.2773886162848873
1,13,0.4400126260814695
1,14,0.781202776350531
1,15,0.7559026980299045
1,16,0.7074995092263708
1,17,0.6784377479015874
1,18,0.38078865529319544
1,19,0.4705198071164368
1,20,0.2748737083745107
1,21,0.4879093722768149
1,22,0.6534098594637553
1,23,0.7695597587076797
1,24,0.4630814663149935
1,25,0.627384340823957
1,26,0.3236081306491267
1,27,0.18027756377319948
1,28,0.2
1,29,0.4006938426723769
1,30,0.18408935028645435
1,31,0.17400510848184253
1,32,0.34801021696368506
1,33,0.20615528128088303
1,34,0.41231056256176607
1,35,0.45338235029118146
1,36,0.675359986311827
1,37,0.5967504596656052
1,38,0.947511360236793
1,39,0.693221144769514
1,40,0.40034707164881045
1,41,0.7001983845866668
1,42,0.6786424357167444
1,43,0.8232726023485645
1,44,0.768295371441074
1,45,0.6114645442614713
1,46,0.650213640104372
1,47,0.5622375931144333
1,48,0.4693375946776241
1,49,0.6637435917246626
1,50,0.10540925533894599
1,51,0.2006932429798716
1,52,0.2538591035287969
1,53,0.30731814857642953
1,54,0.4268749491621899
1,55,0.5676462121975467
1,56,0.6482883446258908
1,57,0.6346477588219923
1,58,0.392286743197994
1,59,0.5335936864527374
1,60,0.4716990566028302
1,61,0.6381396573025548
1,62,0.32058973436118904
1,63,0.4068851871911234
1,64,0.6368324391514266
1,65,0.5833333333333334
1,66,0.42163702135578396
1,67,0.8517954892787092
1,68,0.3004626062886658
1,69,0.07453559924999299
1,70,0.13437096247164249
1,71,0.413991411612474
1,72,0.5590169943749475
1,73,0.5356719559996066
1,74,0.6057593948462082
1,75,0.6472162612982534
1,76,0.17716909687891083
1,77,0.22360679774997896
1,78,0.33706247360261143
1,79,0.26718699236468996
1,80,0.3201562118716424
1,81,0.24776781245530843
1,82,0.4346134936801766
1,83,0.4924428900898053
1,84,0.5830951894845301
1,85,0.6132789830991365
1,86,0.8045012257431448
1,87,0.5602578771323871
1,88,0.25495097567963926
1,89,0.34197140881138655
1,90,0.34318767136623335
1,91,0.6616477747093069
1,92,0.5502524673073059
1,93,0.5661762583821011
1,94,0.44378423185647825
1,95,0.49469406932186094
1,96,0.4844813951249545
1,97,0.5374838498865699
1,98,0.5934831271588286
1,99,0.5190803834132478
1,100,0.6433419688539594
2,0,0.3
2,1,0.5426273532033236
2,3,0.5734883511361751
2,4,0.33706247360261143
2,5,0.39756201472921876
2,6,0.27335365778094545
2,7,0.6041522986797286
2,8,0.6011562932290477
2,9,0.7903937134252917
2,10,0.7214953607304453
2,11,0.8381527307120106
2,12,0.3905124837953327
2,13,0.15723301886761004
2,14,0.3531603350069515
2,15,0.21666666666666667
2,16,0.4196559437338057
2,17,0.5449260908090605
2,18,0.4576510072581994
2,19,0.7903937134252917
2,20,0.8171767114754175
2,21,0.17400510848184253
2,22,0.2034425935955617
2,23,0.38873012632302006
2,24,0.5830951894845301
2,25,0.5024937810560445
2,26,0.27335365778094545
2,27,0.38333333333333336
2,28,0.34801021696368506
2,29,0.6381396573025548
2,30,0.7214953607304453
2,31,0.5871304984602845
2,32,0.8666666666666667
2,33,0.6559556218051477
2,34,0.8069145624606804
2,35,0.926162932629987
2,36,0.9033886821911767
2,37,0.25495097567963926
2,38,0.5385164807134503
2,39,0.42491829279939874
2,40,0.15723301886761004
2,41,0.2034425935955617
2,42,0.20138409955990952
2,43,0.30731814857642953
2,44,0.40311288741492746
2,45,0.5967504596656052
2,46,0.7546154281781181
2,47,0.7905694150420948
2,48,0.6890008869531462
2,49,0.977809342924842
2,50,0.5385164807134503
2,51,0.722072634081149
2,52,0.45338235029118146
2,53,0.23570226039551587
2,54,0.4176654695380556
2,55,0.4772607021092118
2,56,0.3113590282044901
2,57,0.09718253158075502
2,58,0.15092308563562362
2,59,0.2608745973749755
2,60,0.4126472801046649
2,61,0.4006938426723769
2,62,0.7074995092263708
2,63,0.8768630958643937
2,64,1.0540925533894598
2,65,1.0965856099730653
2,66,0.9620579793107874
2,67,0.5696002496878353
2,68,0.5068968775248517
2,69,0.5011098792790969
2,70,0.6508541396588877
2,71,0.9257129384665878
2,72,0.2006932429798716
2,73,0.15
2,74,0.1950783318453271
2,75,0.2538591035287969
2,76,0.4775516260631467
2,77,0.5270462766947299
2,78,0.726674311886388
2,79,0.6335525936249403
2,80,0.48333333333333334
2,81,0.7009913614937697
2,82,0.6009252125773316
2,83,0.48333333333333334
2,84,0.4630814663149935
2,85,0.3274480450731417
2,86,0.5169354139756941
2,87,0.11785113019775793
2,88,0.6023103666530885
2,89,0.3354101966249685
2,90,0.8359957469322968
2,91,0.334995854037363
2,92,0.23213980461973532
2,93,0.30641293851417056
2,94,0.2242270674512285
2,95,0.2034425935955617
2,96,0.27335365778094545
2,97,0.17950549357115012
2,98,0.2748737083745107
2,99,0.29154759474226505
2,100,0.28382310609877337
3,0,0.37267799624996495
3,1,0.24267032964268395
3,2,0.5734883511361751
3,4,0.4166666666666667
3,5,0.7120003121097942
3,6,0.5590169943749475
3,7,0.5892556509887896
3,8,0.7507403753036805
3,9,0.25
3,10,0.485912657903775
3,11,0.6718548123582124
3,12,0.18633899812498247
3,13,0.5335936864527374
3,14,0.885845484394554
3,15,0.7861650943380504
3,16,0.8579691784155834
3,17,0.8700255424092125
3,18,0.5892556509887896
3,19,0.7120003121097942
3,20,0.37267799624996495
3,21,0.44876373392787533
3,22,0.6066758241067098
3,23,0.6666666666666666
3,24,0.23570226039551587
3,25,0.44876373392787533
3,26,0.3004626062886658
3,27,0.3435921354681384
3,28,0.26874192494328497
3,29,0.15811388300841897
3,30,0.3535533905932738
3,31,0.4166666666666667
3,32,0.5206833117271102
3,33,0.12133516482134198
3,34,0.23570226039551587
3,35,0.35901098714230023
3,36,0.9180292902613607
3,37,0.7168604389202189
3,38,1.0671873729054748
3,39,0.5562773089426212
3,40,0.4166666666666667
3,41,0.6693695209341068
3,42,0.7546154281781181
3,43,0.880025252162939
3,44,0.8970631093865259
3,45,0.8249579113843055
3,46,0.8847472959991332
3,47,0.8045012257431448
3,48,0.7096556285347922
3,49,0.9021579068482904
3,50,0.13743685418725535
3,51,0.2386303510546059
3,52,0.46785562825393995
3,53,0.38005847503304596
3,54,0.26874192494328497
3,55,0.3901566636906542
3,56,0.5510091751605514
3,57,0.6704061787039588
3,58,0.4478342947514801
3,59,0.6660413734229361
3,60,0.6593346814950828
3,61,0.7975657409336933
3,62,0.5602578771323871
3,63,0.6146362971528591
3,64,0.8537498983243798
3,65,0.5459446451386399
3,66,0.4772607021092118
3,67,0.6960204339273701
3,68,0.10137937550497032
3,69,0.30184617127124724
3,70,0.35158371849548314
3,71,0.38477987935383984
3,72,0.5013869652163775
3,73,0.5013869652163775
3,74,0.5540256712864887
3,75,0.5754225500544022
3,76,0.11180339887498948
3,77,0.04714045207910317
3,78,0.15365907428821476
3,79,0.06009252125773315
3,80,0.13437096247164249
3,81,0.15
3,82,0.667499479816693
3,83,0.6962199524735141
3,84,0.7695597587076797
3,85,0.7546154281781181
3,86,0.9617692030835673
3,87,0.6363961030678927
3,88,0.49721446300587663
3,89,0.5112620550059322
3,90,0.5426273532033236
3,91,0.7951240294584375
3,92,0.6704061787039588
3,93,0.7090682462060883
3,94,0.568868272195867
3,95,0.6103277807866851
3,96,0.6264982043070834
3,97,0.6403124237432848
3,98,0.7211102550927979
3,99,0.6637435917246626
3,100,0.7633988327065857
4,0,0.4166666666666667
4,1,0.5367080729368205
4,2,0.33706247360261143
4,3,0.4166666666666667
4,5,0.6871842709362768
4,6,0.5270462766947299
4,7,0.768295371441074
4,8,0.8422852512328851
4,9,0.6666666666666666
4,10,0.7861650943380504
4,11,0.9501461875826149
4,12,0.26352313834736496
4,13,0.42491829279939874
4,14,0.6871842709362768
4,15,0.485912657903775
4,16,0.75
4,17,0.8498365855987975
4,18,0.6718548123582124
4,19,0.9428090415820635
4,20,0.768295371441074
4,21,0.16666666666666666
4,22,0.23570226039551587
4,23,0.25
4,24,0.3004626062886658
4,25,0.16666666666666666
4,26,0.23570226039551587
4,27,0.47140452079103173
4,28,0.36704525909242064
4,29,0.39616214413349043
4,30,0.7120003121097942
4,31,0.6666666666666666
4,32,0.8820745748266162
4,33,0.5343739847293799
4,34,0.6066758241067098
4,35,0.7617596588017627
4,36,1.1066716867356017
4,37,0.5833333333333334
4,38,0.8700255424092125
4,39,0.15723301886761004
4,40,0.26352313834736496
4,41,0.30641293851417056
4,42,0.5335936864527374
4,43,0.6039223643997813
4,44,0.740120110372484
4,45,0.8700255424092125
4,46,0.9990273047097139
4,47,0.9867173410410457
4,48,0.880025252162939
4,49,1.1432167093095011
4,50,0.4693375946776241
4,51,0.6411794687223781
4,52,0.6039223643997813
4,53,0.35158371849548314
4,54,0.15365907428821476
4,55,0.14240006242195882
4,56,0.13743685418725535
4,57,0.40585985539619734
4,58,0.3320809807528546
4,59,0.570574758954123
4,60,0.6749485577105528
4,61,0.7197607627229727
4,62,0.8173466556826153
4,63,0.9405967373014975
4,64,1.1605793572369123
4,65,0.9571369343574154
4,66,0.8889756902063058
4,67,0.3201562118716424
4,68,0.3171049598406741
4,69,0.5408326913195984
4,70,0.670820393249937
4,71,0.8006941432976209
4,72,0.14907119849998599
4,73,0.19002923751652298
4,74,0.19002923751652298
4,75,0.18027756377319948
4,76,0.38005847503304596
4,77,0.38477987935383984
4,78,0.5426273532033236
4,79,0.46785562825393995
4,80,0.28382310609877337
4,81,0.5666666666666667
4,82,0.8043285674675771
4,83,0.7397447007057382
4,84,0.7559026980299045
4,85,0.6508541396588877
4,86,0.850653343678323
4,87,0.45123287902269615
4,88,0.7197607627229727
4,89,0.5441609239104837
4,90,0.8795516534639174
4,91,0.6668749674580852
4,92,0.5510091751605514
4,93,0.6202598021976132
4,94,0.49721446300587663
4,95,0.5044248650140519
4,96,0.5622375931144333
4,97,0.5002777006601211
4,98,0.600231436845637
4,99,0.5918426968188235
4,100,0.6175669104549635
5,0,0.3435921354681384
5,1,0.5367080729368205
5,2,0.39756201472921876
5,3,0.7120003121097942
5,4,0.6871842709362768
5,6,0.16666666666666666
5,7,0.3435921354681384
5,8,0.23213980461973532
5,9,0.8333333333333334
5,10,0.5590169943749475
5,11,0.5892556509887896
5,12,0.5892556509887896
5,13,0.26352313834736496
5,14,0.3333333333333333
5,15,0.485912657903775
5,16,0.18633899812498247
5,17,0.16666666666666666
5,18,0.18633899812498247
5,19,0.5
5,20,0.768295371441074
5,21,0.5270462766947299
5,22,0.6009252125773316
5,23,0.7861650943380504
5,24,0.8374896350934075
5,25,0.8498365855987975
5,26,0.5
5,27,0.37267799624996495
5,28,0.44876373392787533
5,29,0.8407998837086293
5,30,0.6508541396588877
5,31,0.45338235029118146
5,32,0.7304869000270375
5,33,0.7318166133366717
5,34,0.9316949906249123
5,35,0.9900897826852765
5,36,0.5449260908090605
5,37,0.18633899812498247
5,38,0.44876373392787533
5,39,0.8077747210701757
5,40,0.42491829279939874
5,41,0.5911382616989399
5,42,0.3354101966249685
5,43,0.4693375946776241
5,44,0.2748737083745107
5,45,0.2006932429798716
5,46,0.370060055186242
5,47,0.44876373392787533
5,48,0.3681787005729087
5,49,0.6508541396588877
5,50,0.6039223643997813
5,51,0.7340905181848413
5,52,0.2948634335492355
5,53,0.36704525909242064
5,54,0.7001983845866668
5,55,0.8084621890423269
5,56,0.7007932013876214
5,57,0.4126472801046649
5,58,0.35629263877386586
5,59,0.1414213562373095
5,60,0.07453559924999299
5,61,0.11180339887498948
5,62,0.49018137232842474
5,63,0.6800735254367721
5,64,0.7833333333333333
5,65,1.1078006238589244
5,66,0.9136313382443831
5,67,0.9616247824501104
5,68,0.6996030620605118
5,69,0.4633812924819281
5,70,0.5676462121975467
5,71,0.9439868172337531
5,72,0.582141639885766
5,73,0.5296749527356901
5,74,0.5892556509887896
5,75,0.6491447364716816
5,76,0.6009252125773316
5,77,0.6693695209341068
5,78,0.8498365855987975
5,79,0.7615773105863909
5,80,0.693221144769514
5,81,0.7774602526460401
5,82,0.2833333333333333
5,83,0.11785113019775793
5,84,0.06871842709362767
5,85,0.13437096247164249
5,86,0.2713136766016618
5,87,0.2948634335492355
5,88,0.4099457958749615
5,89,0.20138409955990952
5,90,0.6718548123582124
5,91,0.18333333333333332
5,92,0.17716909687891083
5,93,0.11180339887498948
5,94,0.19002923751652298
5,95,0.19436506316151003
5,96,0.12692955176439846
5,97,0.2242270674512285
5,98,0.16414763002993507
5,99,0.10671873729054747
5,100,0.20615528128088303
6,0,0.18633899812498247
6,1,0.413991411612474
6,2,0.27335365778094545
6,3,0.5590169943749475
6,4,0.5270462766947299
6,5,0.16666666666666666
6,7,0.3435921354681384
6,8,0.33082388735465346
6,9,0.7071067811865476
6,10,0.5068968775248517
6,11,0.5892556509887896
6,12,0.42491829279939874
6,13,0.11785113019775793
6,14,0.37267799624996495
6,15,0.42491829279939874
6,16,0.3004626062886658
6,17,0.3333333333333333
6,18,0.18633899812498247
6,19,0.5270462766947299
6,20,0.6718548123582124
6,21,0.37267799624996495
6,22,0.47140452079103173
6,23,0.6508541396588877
6,24,0.6718548123582124
6,25,0.6871842709362768
6,26,0.3333333333333333
6,27,0.23570226039551587
6,28,0.291070819942883
6,29,0.6800735254367721
6,30,0.5590169943749475
6,31,0.38005847503304596
6,32,0.6710274046399132
6,33,0.5934831271588286
6,34,0.7861650943380504
6,35,0.8610394235392992
6,36,0.6300352723811934
6,37,0.18633899812498247
6,38,0.5335936864527374
6,39,0.6559556218051477
6,40,0.26352313834736496
6,41,0.47667832153583634
6,42,0.3004626062886658
6,43,0.45123287902269615
6,44,0.35433819375782166
6,45,0.3435921354681384
6,46,0.48676939555034116
6,47,0.5177408189003022
6,48,0.4176654695380556
6,49,0.7080881928749334
6,50,0.4633812924819281
6,51,0.6146362971528591
6,52,0.21921577396609843
6,53,0.2006932429798716
6,54,0.5335936864527374
6,55,0.6439893028787218
6,56,0.5547772325697746
6,57,0.32188679859713276
6,58,0.1950783318453271
6,59,0.1201850425154663
6,60,0.14907119849998599
6,61,0.2386303510546059
6,62,0.46696419087073004
6,63,0.6508541396588877
6,64,0.8008675851155976
6,65,0.9969397619158787
6,66,0.8207381501496753
6,67,0.8146232939899958
6,68,0.5380004130522991
6,69,0.3468108674447469
6,70,0.4772607021092118
6,71,0.827982823224948
6,72,0.4346134936801766
6,73,0.3836954811073779
6,74,0.45030853620354316
6,75,0.5101742621671322
6,76,0.4472135954999579
6,77,0.5145116346811044
6,78,0.7031674369909663
6,79,0.6119186583561941
6,80,0.5296749527356901
6,81,0.6403124237432848
6,82,0.3287180487219337
6,83,0.2173067468400883
6,84,0.23392781412696997
6,85,0.2006932429798716
6,86,0.40311288741492746
6,87,0.20615528128088303
6,88,0.36704525909242064
6,89,0.08498365855987974
6,90,0.6247221604663771
6,91,0.24776781245530843
6,92,0.14240006242195882
6,93,0.15365907428821476
6,94,0.052704627669472995
6,95,0.1
6,96,0.07071067811865475
6,97,0.15
6,98,0.18027756377319948
6,99,0.10671873729054747
6,100,0.23154073315749674
7,0,0.3535533905932738
7,1,0.3503966006938107
7,2,0.6041522986797286
7,3,0.5892556509887896
7,4,0.768295371441074
7,5,0.3435921354681384
7,6,0.3435921354681384
7,8,0.2034425935955617
7,9,0.6066758241067098
7,10,0.23570226039551587
7,11,0.25
7,12,0.5590169943749475
7,13,0.44876373392787533
7,14,0.6718548123582124
7,15,0.768295371441074
7,16,0.5270462766947299
7,17,0.4166666666666667
7,18,0.16666666666666666
7,19,0.18633899812498247
7,20,0.485912657903775
7,21,0.6508541396588877
7,22,0.7861650943380504
7,23,0.9501461875826149
7,24,0.7905694150420948
7,25,0.9013878188659973
7,26,0.5335936864527374
7,27,0.3004626062886658
7,28,0.41163630117428224
7,29,0.7453559924999299
7,30,0.37267799624996495
7,31,0.18633899812498247
7,32,0.4034572812303402
7,33,0.5510091751605514
7,34,0.7546154281781181
7,35,0.7590198357823801
7,36,0.34318767136623335
7,37,0.5
7,38,0.7905694150420948
7,39,0.9195409482755814
7,40,0.5335936864527374
7,41,0.8050189783822214
7,42,0.6368324391514266
7,43,0.784927455954441
7,44,0.6184658438426491
7,45,0.30731814857642953
7,46,0.30184617127124724
7,47,0.22360679774997896
7,48,0.12133516482134198
7,49,0.38005847503304596
7,50,0.4527692569068708
7,51,0.5013869652163775
7,52,0.1649915822768611
7,53,0.42491829279939874
7,54,0.7090682462060883
7,55,0.8462334849857402
7,56,0.838815302144108
7,57,0.6641619615057092
7,58,0.4807401700618652
7,59,0.43365372770858956
7,60,0.2713136766016618
7,61,0.45338235029118146
7,62,0.14907119849998599
7,63,0.3374742788552764
7,64,0.4576510072581994
7,65,0.8321658488546619
7,66,0.6168918507773915
7,67,1.084486565666496
7,68,0.627384340823957
7,69,0.2877112750272011
7,70,0.3004626062886658
7,71,0.6857680203813662
7,72,0.7236097782030804
7,73,0.6800735254367721
7,74,0.7536946036396676
7,75,0.8100068586815244
7,76,0.5013869652163775
7,77,0.5622375931144333
7,78,0.6841458583924598
7,79,0.6175669104549635
7,80,0.637921973633488
7,81,0.5871304984602845
7,82,0.09718253158075502
7,83,0.2386303510546059
7,84,0.3503966006938107
7,85,0.47140452079103173
7,86,0.5962847939999439
7,87,0.5497474167490214
7,88,0.10540925533894599
7,89,0.26925824035672513
7,90,0.3374742788552764
7,91,0.5233439489369194
7,92,0.46785562825393995
7,93,0.4346134936801766
7,94,0.39616214413349043
7,95,0.4412734098291242
7,96,0.38477987935383984
7,97,0.4904646323187387
7,98,0.48362060428489695
7,99,0.4
7,100,0.5343739847293799
8,0,0.43748015828022296
8,1,0.5262551134615648
8,2,0.6011562932290477
8,3,0.7507403753036805
8,4,0.8422852512328851
8,5,0.23213980461973532
8,6,0.33082388735465346
8,7,0.2034425935955617
8,9,0.8017342313870462
8,10,0.43748015828022296
8,11,0.40276819911981904
8,12,0.679869268479038
8,13,0.448454134902457
8,14,0.5562773089426212
8,15,0.7156970184527962
8,16,0.38333333333333336
8,17,0.23213980461973532
8,18,0.17400510848184253
8,19,0.2953340857778225
8,20,0.6890008869531462
8,21,0.6980130530457308
8,22,0.8017342313870462
8,23,0.9816369548418148
8,24,0.9263128821060168
8,25,0.9935905707192587
8,26,0.6222718234198157
8,27,0.4196559437338057
8,28,0.5262551134615648
8,29,0.9001543077593851
8,30,0.5746979883188889
8,31,0.38078865529319544
8,32,0.6011562932290477
8,33,0.7321960878829599
8,34,0.938231196335838
8,35,0.9564111156935715
8,36,0.3131382371342656
8,37,0.4179978734661484
8,38,0.6387922632245601
8,39,0.9805044053388485
8,40,0.5830951894845301
8,41,0.8027729719194864
8,42,0.566911711723165
8,43,0.7009913614937697
8,44,0.48362060428489695
8,45,0.10671873729054747
8,46,0.15723301886761004
8,47,0.21921577396609843
8,48,0.15811388300841897
8,49,0.4219662967057388
8,50,0.6202598021976132
8,51,0.6964194138592059
8,52,0.2833333333333333
8,53,0.4924428900898053
8,54,0.8173466556826153
8,55,0.9441339358845697
8,56,0.8834905520465713
8,57,0.6335525936249403
8,58,0.5177408189003022
8,59,0.36590830666833585
8,60,0.19002923751652298
8,61,0.3184162195757133
8,62,0.34197140881138655
8,63,0.5177408189003022
8,64,0.5727613425813193
8,65,1.0354816378006044
8,66,0.8200609733428362
8,67,1.14175790389693
8,68,0.7695597587076797
8,69,0.4549114687985394
8,70,0.4994441354590566
8,71,0.8872554436137443
8,72,0.7633988327065857
8,73,0.7133644853010899
8,74,0.7810249675906654
8,75,0.8407998837086293
8,76,0.650213640104372
8,77,0.7166666666666667
8,78,0.8631338250816034
8,79,0.787753486539765
8,80,0.7731609003162134
8,81,0.7720823214600313
8,82,0.10671873729054747
8,83,0.1201850425154663
8,84,0.2006932429798716
8,85,0.3640054944640259
8,86,0.428498671072748
8,87,0.5134307266916455
8,88,0.30595932917809704
8,89,0.29814239699997197
8,90,0.5315072906367325
8,91,0.40858835573770874
8,92,0.40311288741492746
8,93,0.3435921354681384
8,94,0.37712361663282534
8,95,0.4034572812303402
8,96,0.3333333333333333
8,97,0.44378423185647825
8,98,0.39616214413349043
8,99,0.3287180487219337
8,100,0.43748015828022296
9,0,0.5335936864527374
9,1,0.2967415635794143
9,2,0.7903937134252917
9,3,0.25
9,4,0.6666666666666666
9,5,0.8333333333333334
9,6,0.7071067811865476
9,7,0.6066758241067098
9,8,0.8017342313870462
9,10,0.4166666666666667
9,11,0.5892556509887896
9,12,0.42491829279939874
9,13,0.7168604389202189
9,14,1.0671873729054748
9,15,1.0069204977995476
9,16,1.0034662148993578
9,17,0.97182531580755
9,18,0.6718548123582124
9,19,0.6666666666666666
9,20,0.18633899812498247
9,21,0.6871842709362768
9,22,0.8498365855987975
9,23,0.9166666666666666
9,24,0.44876373392787533
9,25,0.6871842709362768
9,26,0.5270462766947299
9,27,0.47140452079103173
9,28,0.44876373392787533
9,29,0.3354101966249685
9,30,0.25
9,31,0.42163702135578396
9,32,0.3655285366576885
9,33,0.13743685418725535
9,34,0.18633899812498247
9,35,0.15723301886761004
9,36,0.8833333333333333
9,37,0.885845484394554
9,38,1.238839062276542
9,39,0.8043285674675771
9,40,0.6346477588219923
9,41,0.9095175766428168
9,42,0.9523363084774435
9,43,1.0894697996936145
9,44,1.06092203085597
9,45,0.895203266799719
9,46,0.9056918779462351
9,47,0.7861650943380504
9,48,0.7125852775477317
9,49,0.8274794391537607
9,50,0.25440562537456246
9,51,0.10540925533894599
9,52,0.5459446451386399
9,53,0.568868272195867
9,54,0.5177408189003022
9,55,0.6309164410249233
9,56,0.8006941432976209
9,57,0.8870988921447509
9,58,0.6491447364716816
9,59,0.8252945602093298
9,60,0.7673909622147558
9,61,0.9346716595206636
9,62,0.5177408189003022
9,63,0.49018137232842474
9,64,0.7243771270700243
9,65,0.30641293851417056
9,66,0.2386303510546059
9,67,0.938231196335838
9,68,0.3503966006938107
9,69,0.370060055186242
9,70,0.30731814857642953
9,71,0.13743685418725535
9,72,0.7453559924999299
9,73,0.7397447007057382
9,74,0.7975657409336933
9,75,0.8227663364798322
9,76,0.31622776601683794
9,77,0.2852873794770615
9,78,0.16666666666666666
9,79,0.20275875100994065
9,80,0.3836954811073779
9,81,0.1
9,82,0.7009913614937697
9,83,0.7835106182362106
9,84,0.8782874750836932
9,85,0.9075302260041321
9,86,1.101135777277262
9,87,0.8321658488546619
9,88,0.5013869652163775
9,89,0.6381396573025548
9,90,0.4166666666666667
9,91,0.9546668994413123
9,92,0.838815302144108
9,93,0.8603939666093539
9,94,0.7321960878829599
9,95,0.7810249675906654
9,96,0.7778174593052023
9,97,0.8200609733428362
9,98,0.8845903006477066
9,99,0.8132581932503901
9,100,0.9328867979437686
10,0,0.42491829279939874
10,1,0.25927248643506745
10,2,0.7214953607304453
10,3,0.485912657903775
10,4,0.7861650943380504
10,5,0.5590169943749475
10,6,0.5068968775248517
10,7,0.23570226039551587
10,8,0.43748015828022296
10,9,0.4166666666666667
10,11,0.18633899812498247
10,12,0.5335936864527374
10,13,0.5833333333333334
10,14,0.8700255424092125
10,15,0.9166666666666666
10,16,0.7453559924999299
10,17,0.6508541396588877
10,18,0.37267799624996495
10,19,0.25
10,20,0.26352313834736496
10,21,0.7120003121097942
10,22,0.8700255424092125
10,23,1.0069204977995476
10,24,0.7168604389202189
10,25,0.885845484394554
10,26,0.5590169943749475
10,27,0.3435921354681384
10,28,0.42491829279939874
10,29,0.6411794687223781
10,30,0.16666666666666666
10,31,0.13437096247164249
10,32,0.17159383568311667
10,33,0.40585985539619734
10,34,0.5892556509887896
10,35,0.5562773089426212
10,36,0.4666666666666667
10,37,0.6871842709362768
10,38,1.0069204977995476
10,39,0.9433981132056604
10,40,0.6066758241067098
10,41,0.9056918779462351
10,42,0.8062257748298549
10,43,0.9571369343574154
10,44,0.8294911425419537
10,45,0.5426273532033236
10,46,0.5077182070575939
10,47,0.37267799624996495
10,48,0.3131382371342656
10,49,0.42163702135578396
10,50,0.35668224265054493
10,51,0.3184162195757133
10,52,0.2877112750272011
10,53,0.49721446300587663
10,54,0.6851601597031489
10,55,0.8263036837493694
10,56,0.8870988921447509
10,57,0.8006941432976209
10,58,0.5754225500544022
10,59,0.6184658438426491
10,60,0.4844813951249545
10,61,0.670820393249937
10,62,0.10540925533894599
10,63,0.15811388300841897
10,64,0.37785946829182115
10,65,0.6039223643997813
10,66,0.3836954811073779
10,67,1.1047875612784366
10,68,0.5570258322356134
10,69,0.24608038433722335
10,70,0.13437096247164249
10,71,0.4693375946776241
10,72,0.7861650943380504
10,73,0.7536946036396676
10,74,0.8274794391537607
10,75,0.8759122228980609
10,76,0.43620841094341334
10,77,0.47667832153583634
10,78,0.5335936864527374
10,79,0.4924428900898053
10,80,0.5785518319236593
10,81,0.428498671072748
10,82,0.33082388735465346
10,83,0.46696419087073004
10,84,0.5778311941119906
10,85,0.6749485577105528
10,86,0.8232726023485645
10,87,0.7007932013876214
10,88,0.14907119849998599
10,89,0.4219662967057388
10,90,0.11785113019775793
10,91,0.7276293317647691
10,92,0.6472162612982534
10,93,0.6324555320336759
10,94,0.5540256712864887
10,95,0.6057593948462082
10,96,0.5659308948783216
10,97,0.6553201083779167
10,98,0.675359986311827
10,99,0.590668171555645
10,100,0.7280109889280518
11,0,0.5590169943749475
11,1,0.4400126260814695
11,2,0.8381527307120106
11,3,0.6718548123582124
11,4,0.9501461875826149
11,5,0.5892556509887896
11,6,0.5892556509887896
11,7,0.25
11,8,0.40276819911981904
11,9,0.5892556509887896
11,10,0.18633899812498247
11,12,0.7071067811865476
11,13,0.6871842709362768
11,14,0.9204467514322717
11,15,1.0137937550497034
11,16,0.768295371441074
11,17,0.6346477588219923
11,18,0.4166666666666667
11,19,0.11785113019775793
11,20,0.4166666666666667
11,21,0.8579691784155834
11,22,1.0069204977995476
11,23,1.157703665787484
11,24,0.9013878188659973
11,25,1.0606601717798212
11,26,0.7168604389202189
11,27,0.485912657903775
11,28,0.5833333333333334
11,29,0.8274794391537607
11,30,0.3435921354681384
11,31,0.28382310609877337
11,32,0.25873624493766706
11,33,0.5911382616989399
11,34,0.768295371441074
11,35,0.7166666666666667
11,36,0.3113590282044901
11,37,0.75
11,38,1.0307764064044151
11,39,1.1066716867356017
11,40,0.7453559924999299
11,41,1.0338708279513882
11,42,0.885845484394554
11,43,1.0345423035225663
11,44,0.8631338250816034
11,45,0.5068968775248517
11,46,0.4126472801046649
11,47,0.25
11,48,0.24608038433722335
11,49,0.2386303510546059
11,50,0.5408326913195984
11,51,0.49721446300587663
11,52,0.38477987935383984
11,53,0.6335525936249403
11,54,0.8603939666093539
11,55,1.0018039284765812
11,56,1.0405660852525311
11,57,0.9056918779462351
11,58,0.7025746302785997
11,59,0.683536555146996
11,60,0.5190803834132478
11,61,0.6962199524735141
11,62,0.13437096247164249
11,63,0.13437096247164249
11,64,0.21666666666666667
11,65,0.7280109889280518
11,66,0.5013869652163775
11,67,1.2702799341527486
11,68,0.740120110372484
11,69,0.4126472801046649
11,70,0.32058973436118904
11,71,0.6186903731090195
11,72,0.932440048713291
11,73,0.8944271909999159
11,74,0.968962790249909
11,75,1.0215728613814636
11,76,0.6168918507773915
11,77,0.6610177338350647
11,78,0.7168604389202189
11,79,0.6786424357167444
11,80,0.7601169500660919
11,81,0.6114645442614713
11,82,0.3113590282044901
11,83,0.4772607021092118
11,84,0.5861835131689658
11,85,0.7197607627229727
11,86,0.8274794391537607
11,87,0.7945998294040145
11,88,0.2386303510546059
11,89,0.5099019513592785
11,90,0.18633899812498247
11,91,0.7711823534172849
11,92,0.7174414416676961
11,93,0.6841458583924598
11,94,0.6411794687223781
11,95,0.688395880935446
11,96,0.6342099196813482
11,97,0.7380529941828177
11,98,0.7335227028221796
11,99,0.65
11,100,0.7840422324226051
12,0,0.25
12,1,0.2773886162848873
12,2,0.3905124837953327
12,3,0.18633899812498247
12,4,0.26352313834736496
12,5,0.5892556509887896
12,6,0.42491829279939874
12,7,0.5590169943749475
12,8,0.679869268479038
12,9,0.42491829279939874
12,10,0.5335936864527374
12,11,0.7071067811865476
12,13,0.37267799624996495
12,14,0.7168604389202189
12,15,0.6009252125773316
12,16,0.7120003121097942
12,17,0.7546154281781181
12,18,0.5068968775248517
12,19,0.7168604389202189
12,20,0.5068968775248517
12,21,0.26352313834736496
12,22,0.42491829279939874
12,23,0.5068968775248517
12,24,0.25
12,25,0.3535533905932738
12,26,0.11785113019775793
12,27,0.26352313834736496
12,28,0.15365907428821476
12,29,0.2608745973749755
12,30,0.44876373392787533
12,31,0.42491829279939874
12,32,0.6193634725354015
12,33,0.2877112750272011
12,34,0.4166666666666667
12,35,0.5449260908090605
12,36,0.9020039418489872
12,37,0.5590169943749475
12,38,0.9013878188659973
12,39,0.4179978734661484
12,40,0.23570226039551587
12,41,0.4853406592853679
12,42,0.5785518319236593
12,43,0.6978140471819441
12,44,0.73824115301167
12,45,0.7350359023733316
12,46,0.8288211172770904
12,47,0.7826237921249263
12,48,0.6786424357167444
12,49,0.9166666666666666
12,50,0.20615528128088303
12,51,0.3836954811073779
12,52,0.40585985539619734
12,53,0.22669117514559073
12,54,0.15365907428821476
12,55,0.2948634335492355
12,56,0.3865804501581067
12,57,0.48676939555034116
12,58,0.2773886162848873
12,59,0.5169354139756941
12,60,0.5502524673073059
12,61,0.6593346814950828
12,62,0.5785518319236593
12,63,0.6841458583924598
12,64,0.911195795522443
12,65,0.7280109889280518
12,66,0.6335525936249403
12,67,0.5746979883188889
12,68,0.1201850425154663
12,69,0.2948634335492355
12,70,0.41163630117428224
12,71,0.5622375931144333
12,72,0.32058973436118904
12,73,0.31622776601683794
12,74,0.37267799624996495
12,75,0.40034707164881045
12,76,0.11785113019775793
12,77,0.14240006242195882
12,78,0.3374742788552764
12,79,0.24608038433722335
12,80,0.10540925533894599
12,81,0.3274480450731417
12,82,0.6166666666666667
12,83,0.6009252125773316
12,84,0.6534098594637553
12,85,0.6066758241067098
12,86,0.8173466556826153
12,87,0.4633812924819281
12,88,0.49018137232842474
12,89,0.4
12,90,0.6202598021976132
12,91,0.6413960468297951
12,92,0.5145116346811044
12,93,0.5639641438562877
12,94,0.42163702135578396
12,95,0.45521667612492206
12,96,0.4853406592853679
12,97,0.4775516260631467
12,98,0.566911711723165
12,99,0.5220153254455275
12,100,0.6039223643997813
13,0,0.18633899812498247
13,1,0.4400126260814695
13,2,0.15723301886761004
13,3,0.5335936864527374
13,4,0.42491829279939874
13,5,0.26352313834736496
13,6,0.11785113019775793
13,7,0.44876373392787533
13,8,0.448454134902457
13,9,0.7168604389202189
13,10,0.5833333333333334
13,11,0.6871842709362768
13,12,0.37267799624996495
13,14,0.3535533905932738
13,15,0.3333333333333333
13,16,0.3435921354681384
13,17,0.42491829279939874
13,18,0.3004626062886658
13,19,0.6346477588219923
13,20,0.7120003121097942
13,21,0.26352313834736496
13,22,0.3535533905932738
13,23,0.5335936864527374
13,24,0.6066758241067098
13,25,0.5892556509887896
13,26,0.26352313834736496
13,27,0.26352313834736496
13,28,0.2713136766016618
13,29,0.6335525936249403
13,30,0.6066758241067098
13,31,0.45030853620354316
13,32,0.7380529941828177
13,33,0.5911382616989399
13,34,0.768295371441074
13,35,0.8642594774976116
13,36,0.7470311610338323
13,37,0.18633899812498247
13,38,0.5335936864527374
13,39,0.5449260908090605
13,40,0.16666666666666666
13,41,0.36055512754639896
13,42,0.2386303510546059
13,43,0.38477987935383984
13,44,0.36590830666833585
13,45,0.4549114687985394
13,46,0.6039223643997813
13,47,0.6335525936249403
13,48,0.5317685377847938
13,49,0.8207381501496753
13,50,0.4633812924819281
13,51,0.6346477588219923
13,52,0.30413812651491096
13,53,0.15365907428821476
13,54,0.4549114687985394
13,55,0.5510091751605514
13,56,0.4403281604540969
13,57,0.21921577396609843
13,58,0.10137937550497032
13,59,0.15092308563562362
13,60,0.26352313834736496
13,61,0.3004626062886658
13,62,0.5590169943749475
13,63,0.7350359023733316
13,64,0.9020039418489872
13,65,1.0176225014982498
13,66,0.8603939666093539
13,67,0.7009913614937697
13,68,0.4921607686744467
13,69,0.38477987935383984
13,70,0.5296749527356901
13,71,0.8462334849857402
13,72,0.32058973436118904
13,73,0.26874192494328497
13,74,0.3333333333333333
13,75,0.39334745737353155
13,76,0.42491829279939874
13,77,0.48676939555034116
13,78,0.6851601597031489
13,79,0.5911382616989399
13,80,0.4772607021092118
13,81,0.6381396573025548
13,82,0.44378423185647825
13,83,0.3333333333333333
13,84,0.3320809807528546
13,85,0.2386303510546059
13,86,0.44876373392787533
13,87,0.12133516482134198
13,88,0.4549114687985394
13,89,0.17950549357115012
13,90,0.7001983845866668
13,91,0.26925824035672513
13,92,0.14240006242195882
13,93,0.2006932429798716
13,94,0.07453559924999299
13,95,0.08498365855987974
13,96,0.13743685418725535
13,97,0.10671873729054747
13,98,0.1950783318453271
13,99,0.1674979270186815
13,100,0.23154073315749674
14,0,0.5335936864527374
14,1,0.781202776350531
14,2,0.3531603350069515
14,3,0.885845484394554
14,4,0.6871842709362768
14,5,0.3333333333333333
14,6,0.37267799624996495
14,7,0.6718548123582124
14,8,0.5562773089426212
14,9,1.0671873729054748
14,10,0.8700255424092125
14,11,0.9204467514322717
14,12,0.7168604389202189
14,13,0.3535533905932738
14,15,0.26352313834736496
14,16,0.18633899812498247
14,17,0.37267799624996495
14,18,0.5068968775248517
14,19,0.8333333333333334
14,20,1.044163673845139
14,21,0.5270462766947299
14,22,0.5
14,23,0.6718548123582124
14,24,0.9316949906249123
14,25,0.8498365855987975
14,26,0.6009252125773316
14,27,0.6009252125773316
14,28,0.6247221604663771
14,29,0.9753916592266355
14,30,0.9316949906249123
14,31,0.749073501808141
14,32,1.0382945418115015
14,33,0.9439868172337531
14,34,1.1211353372561426
14,35,1.2166666666666666
14,36,0.8610394235392992
14,37,0.18633899812498247
14,38,0.18633899812498247
14,39,0.7507403753036805
14,40,0.485912657903775
14,41,0.4527692569068708
14,42,0.15365907428821476
14,43,0.17716909687891083
14,44,0.09428090415820634
14,45,0.49018137232842474
14,46,0.6693695209341068
14,47,0.7754926749421228
14,48,0.7007932013876214
14,49,0.978235372721946
14,50,0.8153049872423339
14,51,0.9803627446568495
14,52,0.5852349955359814
14,53,0.5068968775248517
14,54,0.768295371441074
14,55,0.8288211172770904
14,56,0.6342099196813482
14,57,0.2852873794770615
14,58,0.4400126260814695
14,59,0.2538591035287969
14,60,0.4013864859597432
14,61,0.2386303510546059
14,62,0.8139410298049853
14,63,1.0034662148993578
14,64,1.1166666666666667
14,65,1.3640218310406749
14,66,1.1931517552730293
14,67,0.8706638591072652
14,68,0.8369919686326479
14,69,0.7174414416676961
14,70,0.8498365855987975
14,71,1.1935009193312105
14,72,0.5426273532033236
14,73,0.49721446300587663
14,74,0.5190803834132478
14,75,0.566911711723165
14,76,0.7781745019952501
14,77,0.838815302144108
14,78,1.0381607668264956
14,79,0.9439868172337531
14,80,0.8181958472422385
14,81,0.9910712498212337
14,82,0.6166666666666667
14,83,0.45030853620354316
14,84,0.35629263877386586
14,85,0.2006932429798716
14,86,0.22669117514559073
14,87,0.25440562537456246
14,88,0.7236097782030804
14,89,0.45521667612492206
14,90,0.9867173410410457
14,91,0.15
14,92,0.23154073315749674
14,93,0.2386303510546059
14,94,0.3374742788552764
14,95,0.28674417556808757
14,96,0.30641293851417056
14,97,0.24776781245530843
14,98,0.1950783318453271
14,99,0.2793842435706702
14,100,0.14240006242195882
15,0,0.5068968775248517
15,1,0.7559026980299045
15,2,0.21666666666666667
15,3,0.7861650943380504
15,4,0.485912657903775
15,5,0.485912657903775
15,6,0.42491829279939874
15,7,0.768295371441074
15,8,0.7156970184527962
15,9,1.0069204977995476
15,10,0.9166666666666666
15,11,1.0137937550497034
15,12,0.6009252125773316
15,13,0.3333333333333333
15,14,0.26352313834736496
15,16,0.4166666666666667
15,17,0.5892556509887896
15,18,0.6066758241067098
15,19,0.9501461875826149
15,20,1.0307764064044151
15,21,0.3535533905932738
15,22,0.26352313834736496
15,23,0.4166666666666667
15,24,0.768295371441074
15,25,0.6346477588219923
15,26,0.485912657903775
15,27,0.5892556509887896
15,28,0.5639641438562877
15,29,0.8374896350934075
15,30,0.9316949906249123
15,31,0.7835106182362106
15,32,1.0699169230469356
15,33,0.8720983634634086
15,34,1.0172129679778086
15,35,1.1412712210513327
15,36,1.028618274947298
15,37,0.3004626062886658
15,38,0.4166666666666667
15,39,0.5134307266916455
15,40,0.37267799624996495
15,41,0.20275875100994065
15,42,0.15365907428821476
15,43,0.12133516482134198
15,44,0.3503966006938107
15,45,0.6800735254367721
15,46,0.8552127740445
15,47,0.9257129384665878
15,48,0.8329999333066532
15,49,1.1236102527122116
15,50,0.7551673839472794
15,51,0.9383792173506165
15,52,0.6353039517515306
15,53,0.44876373392787533
15,54,0.6020797289396147
15,55,0.6264982043070834
15,56,0.4006938426723769
15,57,0.12133516482134198
15,58,0.3640054944640259
15,59,0.3503966006938107
15,60,0.5296749527356901
15,61,0.43620841094341334
15,62,0.8889756902063058
15,63,1.0678378986427566
15,64,1.2257650672131262
15,65,1.3131810402394806
15,66,1.1767422072069234
15,67,0.6166666666666667
15,68,0.7133644853010899
15,69,0.7096556285347922
15,70,0.8579691784155834
15,71,1.1423659658795864
15,72,0.3374742788552764
15,73,0.30731814857642953
15,74,0.29814239699997197
15,75,0.3320809807528546
15,76,0.693221144769514
15,77,0.7403077438170936
15,78,0.9383792173506165
15,79,0.8462334849857402
15,80,0.6871842709362768
15,81,0.9168181692983378
15,82,0.7433034373659253
15,83,0.5962847939999439
15,84,0.5367080729368205
15,85,0.36704525909242064
15,86,0.4844813951249545
15,87,0.21921577396609843
15,88,0.7861650943380504
15,89,0.5044248650140519
15,90,1.0334677331951665
15,91,0.34197140881138655
15,92,0.3131382371342656
15,93,0.3745367509040705
15,94,0.37267799624996495
15,95,0.3274480450731417
15,96,0.3901566636906542
15,97,0.2793842435706702
15,98,0.3236081306491267
15,99,0.3876567783204336
15,100,0.2948634335492355
16,0,0.485912657903775
16,1,0.7074995092263708
16,2,0.4196559437338057
16,3,0.8579691784155834
16,4,0.75
16,5,0.18633899812498247
16,6,0.3004626062886658
16,7,0.5270462766947299
16,8,0.38333333333333336
16,9,1.0034662148993578
16,10,0.7453559924999299
16,11,0.768295371441074
16,12,0.7120003121097942
16,13,0.3435921354681384
16,14,0.18633899812498247
16,15,0.4166666666666667
16,17,0.18633899812498247
16,18,0.37267799624996495
16,19,0.6718548123582124
16,20,0.9501461875826149
16,21,0.5833333333333334
16,22,0.6066758241067098
16,23,0.7905694150420948
16,24,0.9501461875826149
16,25,0.9166666666666666
16,26,0.6066758241067098
16,27,0.5335936864527374
16,28,0.5892556509887896
16,29,0.97182531580755
16,30,0.8333333333333334
16,31,0.637921973633488
16,32,0.9168181692983378
16,33,0.8933395522171598
16,34,1.0865337342004415
16,35,1.15878288638458
16,36,0.679869268479038
16,37,0.16666666666666666
16,38,0.26352313834736496
16,39,0.8439325934114776
16,40,0.5068968775248517
16,41,0.5756638679723514
16,42,0.26874192494328497
16,43,0.35668224265054493
16,44,0.10137937550497032
16,45,0.30731814857642953
16,46,0.4853406592853679
16,47,0.6009252125773316
16,48,0.5356719559996066
16,49,0.8027729719194864
16,50,0.7633988327065857
16,51,0.9075302260041321
