0,1,0.6346477588219923
0,2,0.5134307266916455
0,3,0.6559556218051477
0,4,0.6009252125773316
0,5,0.6718548123582124
0,6,0.5550275268448904
0,7,0.5892556509887896
0,8,0.6508541396588877
0,9,0.5590169943749475
0,10,0.5270462766947299
0,11,0.5587684871413404
0,12,0.5398044913567215
0,13,0.6346477588219923
0,14,0.5892556509887896
0,15,0.6548960901462834
0,16,0.6871842709362768
0,17,0.6718548123582124
0,18,0.7529571332051013
0,19,0.667499479816693
0,20,0.5842849380986035
0,21,0.75
0,22,0.5833333333333334
0,23,0.7507403753036805
0,24,0.5842849380986035
0,25,0.7546154281781181
0,26,0.9753916592266355
0,27,0.9501461875826149
0,28,0.9285592184789413
0,29,0.8700255424092125
0,30,0.8666666666666667
0,31,0.8381527307120106
0,32,0.8513061859414757
0,33,0.8579691784155834
0,34,0.7905694150420948
0,35,0.7367345368433448
0,36,0.7168604389202189
0,37,0.6767980168082317
0,38,0.6200358412579424
0,39,0.6009252125773316
0,40,0.6718548123582124
0,41,0.5134307266916455
0,42,0.5590169943749475
0,43,0.6346477588219923
0,44,0.5890199015690765
0,45,0.6289320754704402
0,46,0.6200358412579424
0,47,0.6387922632245601
0,48,0.7507403753036805
0,49,0.6342099196813482
0,50,0.5890199015690765
0,51,0.5590169943749475
0,52,0.4166666666666667
0,53,0.3333333333333333
0,54,0.3004626062886658
0,55,0.23570226039551587
0,56,0.3004626062886658
0,57,0.44876373392787533
0,58,0.7861650943380504
0,59,0.7071067811865476
0,60,0.44876373392787533
0,61,0.26352313834736496
0,62,0.485912657903775
0,63,0.6508541396588877
0,64,0.3435921354681384
0,65,0.18633899812498247
0,66,0.2173067468400883
0,67,0.42163702135578396
0,68,0.16666666666666666
0,69,0.15365907428821476
0,70,0.3274480450731417
0,71,0.42491829279939874
0,72,0.4576510072581994
0,73,0.6548960901462834
0,74,0.6009252125773316
0,75,0.9501461875826149
0,76,0.7156970184527962
0,77,0.8329999333066532
0,78,0.5426273532033236
0,79,0.6411794687223781
0,80,0.12692955176439846
0,81,0.2006932429798716
0,82,0.24608038433722335
0,83,0.32058973436118904
0,84,0.45030853620354316
0,85,0.5911382616989399
0,86,0.5367080729368205
0,87,0.6368324391514266
0,88,0.29814239699997197
0,89,0.874642784226795
0,90,0.07071067811865475
0,91,0.2006932429798716
0,92,0.24608038433722335
0,93,0.35158371849548314
0,94,0.2852873794770615
0,95,0.3435921354681384
0,96,0.25873624493766706
0,97,0.8027729719194864
0,98,0.23570226039551587
0,99,0.34197140881138655
0,100,0.32058973436118904
1,0,0.6346477588219923
1,2,0.17400510848184253
1,3,0.05
1,4,0.11785113019775793
1,5,0.08333333333333333
1,6,0.2034425935955617
1,7,0.23570226039551587
1,8,0.18633899812498247
1,9,0.8700255424092125
1,10,0.7905694150420948
1,11,0.8017342313870462
1,12,0.7243771270700243
1,13,0.8975274678557507
1,14,0.7453559924999299
1,15,0.8422852512328851
1,16,0.8579691784155834
1,17,0.7861650943380504
1,18,1.3704216707114476
1,19,1.2817089286486918
1,20,1.2005785642301336
1,21,1.3565683830083088
1,22,1.1931517552730293
1,23,1.350822794530142
1,24,1.1866151674218375
1,25,1.3437096247164249
1,26,1.4837078178970713
1,27,1.4337208778404378
1,28,1.4447221955179557
1,29,1.366768288904727
1,30,1.393835635137005
1,31,1.3405015645065261
1,32,1.3813238416662315
1,33,1.4142135623730951
1,34,1.3017082793177754
1,35,0.7
1,36,0.6666666666666666
1,37,0.6685390373377194
1,38,0.6222718234198157
1,39,0.5892556509887896
1,40,0.5833333333333334
1,41,0.5746979883188889
1,42,0.5068968775248517
1,43,0.5
1,44,0.5024937810560445
1,45,0.09718253158075502
1,46,0.14337208778404378
1,47,0.7690181330039552
1,48,1.3631051153728224
1,49,1.2492219800962339
1,50,1.1437025642865175
1,51,1.1931517552730293
1,52,0.9166666666666666
1,53,0.5892556509887896
1,54,0.6508541396588877
1,55,0.42491829279939874
1,56,0.9316949906249123
1,57,1.0034662148993578
1,58,1.2610621625351297
1,59,1.1118053386771944
1,60,0.44876373392787533
1,61,0.47140452079103173
1,62,1.0671873729054748
1,63,1.2720281268728124
1,64,0.9753916592266355
1,65,0.768295371441074
1,66,0.8432740427115679
1,67,0.9675283515799994
1,68,0.485912657903775
1,69,0.5590169943749475
1,70,0.3144660377352201
1,71,0.8333333333333334
1,72,0.7156970184527962
1,73,0.5661762583821011
1,74,1.0865337342004415
1,75,1.3743685418725535
1,76,1.3492796432006064
1,77,1.367073110293992
1,78,0.5602578771323871
1,79,0.42491829279939874
1,80,0.7318166133366717
1,81,0.6020797289396147
1,82,0.7007932013876214
1,83,0.9219544457292888
1,84,1.0749676997731399
1,85,1.211977264179856
1,86,1.0188501143718618
1,87,1.0394977419675118
1,88,0.45030853620354316
1,89,1.5059142664102025
1,90,0.6641619615057092
1,91,0.8207381501496753
1,92,0.8412952976082642
1,93,0.8139410298049853
1,94,0.8153049872423339
1,95,0.9523363084774435
1,96,0.7189884870040997
1,97,1.1702326454361305
1,98,0.5502524673073059
1,99,0.8334999833366658
1,100,0.31622776601683794
2,0,0.5134307266916455
2,1,0.17400510848184253
2,3,0.16666666666666666
2,4,0.08975274678557506
2,5,0.1699673171197595
2,6,0.06666666666666667
2,7,0.11666666666666667
2,8,0.14337208778404378
2,9,0.6960204339273701
2,10,0.6166666666666667
2,11,0.6282692274990255
2,12,0.5517648452415617
2,13,0.7243771270700243
2,14,0.5746979883188889
2,15,0.6718548123582124
2,16,0.6890008869531462
2,17,0.6200358412579424
2,18,1.2229290885229427
2,19,1.1334558757279536
2,20,1.0540925533894598
2,21,1.204620733306177
2,22,1.044030650891055
2,23,1.1967548714010825
2,24,1.0349449797506682
2,25,1.1866151674218375
2,26,1.4292577716345565
2,27,1.3873435847771172
2,28,1.3869430814244366
2,29,1.3148721948877349
2,30,1.3313526955694348
2,31,1.2862520921049827
2,32,1.317615691736825
2,33,1.3405015645065261
2,34,1.2437622137870423
2,35,0.768295371441074
2,36,0.7357913351548039
2,37,0.7261006970263989
2,38,0.6718548123582124
2,39,0.6387922632245601
2,40,0.6548960901462834
2,41,0.6
2,42,0.5562773089426212
2,43,0.5746979883188889
2,44,0.5622375931144333
2,45,0.12133516482134198
2,46,0.10671873729054747
2,47,0.6009252125773316
2,48,1.2133516482134197
2,49,1.1016401913107159
2,50,1.0671873729054748
2,51,1.0690078473883051
2,52,0.7516648189186453
2,53,0.4179978734661484
2,54,0.6041522986797286
2,55,0.2833333333333333
2,56,0.8137703743822468
2,57,0.8439325934114776
2,58,1.0895972752454102
2,59,0.938231196335838
2,60,0.27588242262078083
2,61,0.4179978734661484
2,62,0.9788031240017349
2,63,1.1635673117138041
2,64,0.8422852512328851
2,65,0.6222718234198157
2,66,0.7080881928749334
2,67,0.8902246907382428
2,68,0.3905124837953327
2,69,0.41163630117428224
2,70,0.2386303510546059
2,71,0.7903937134252917
2,72,0.7033649282003064
2,73,0.4166666666666667
2,74,0.9172725270544676
2,75,1.2005785642301336
2,76,1.2262182151277607
2,77,1.200115735159646
2,78,0.39334745737353155
2,79,0.291070819942883
2,80,0.6256108126374487
2,81,0.5317685377847938
2,82,0.5398044913567215
2,83,0.774775953277964
2,84,0.963356401107895
2,85,1.1036555420762202
2,86,0.8501633829904566
2,87,0.8661857640124188
2,88,0.2852873794770615
2,89,1.3869430814244366
2,90,0.5294126724756196
2,91,0.7106335201775947
2,92,0.7425556469981821
2,93,0.7546154281781181
2,94,0.7367345368433448
2,95,0.8498365855987975
2,96,0.6519202405202649
2,97,0.9962429422585637
2,98,0.38908725099762503
2,99,0.669991708074726
2,100,0.2006932429798716
3,0,0.6559556218051477
3,1,0.05
3,2,0.16666666666666666
3,4,0.08975274678557506
3,5,0.03333333333333333
3,6,0.17950549357115012
3,7,0.2034425935955617
3,8,0.14337208778404378
3,9,0.856997342145496
3,10,0.7762087348130011
3,11,0.7854581111965452
3,12,0.706320670013903
3,13,0.8801830617673929
3,14,0.7243771270700243
3,15,0.8207381501496753
3,16,0.8348319857578796
3,17,0.7608474807008885
3,18,1.3828312341794362
3,19,1.2936812246883354
3,20,1.2133516482134197
3,21,1.3666666666666667
3,22,1.204620733306177
3,23,1.359738536958076
3,24,1.1967548714010825
3,25,1.350822794530142
3,26,1.5233369803019803
3,27,1.4746939418815763
3,28,1.4837078178970713
3,29,1.4067298564006128
3,30,1.4318791072495534
3,31,1.3800161029656302
3,32,1.419115530493867
3,33,1.45
3,34,1.3405015645065261
3,35,0.75
3,36,0.7166666666666667
3,37,0.7184087354084102
3,38,0.6718548123582124
3,39,0.6387922632245601
3,40,0.6333333333333333
3,41,0.6227180564089801
3,42,0.5562773089426212
3,43,0.55
3,44,0.552268050859363
3,45,0.06009252125773315
3,46,0.10671873729054747
3,47,0.7453559924999299
3,48,1.3743685418725535
3,49,1.2615026313444173
3,50,1.1785113019775793
3,51,1.2149531312405064
3,52,0.9180292902613607
3,53,0.5842849380986035
3,54,0.6900080514828151
3,55,0.43748015828022296
3,56,0.9551032521262934
3,57,1.0088497300281039
3,58,1.2554326390177655
3,59,1.1016401913107159
3,60,0.432691832858239
3,61,0.507991688470939
3,62,1.0991158062531698
3,63,1.2989311845599143
3,64,0.9935905707192587
3,65,0.7806692285753579
3,66,0.8603939666093539
3,67,1.0018039284765812
3,68,0.5134307266916455
3,69,0.570087712549569
3,70,0.3435921354681384
3,71,0.8738484485945552
3,72,0.7602996485304696
3,73,0.5335936864527374
3,74,1.0838460325259405
3,75,1.3631051153728224
3,76,1.3716373022373256
3,77,1.366768288904727
3,78,0.5367080729368205
3,79,0.38908725099762503
3,80,0.7581043610362772
3,81,0.6363961030678927
3,82,0.70494286608522
3,83,0.9340770846134703
3,84,1.1006311320732705
3,85,1.238839062276542
3,86,1.0168032695113096
3,87,1.0302372973683729
3,88,0.45123287902269615
3,89,1.529796645890485
3,90,0.6808899405271832
3,91,0.8462334849857402
3,92,0.8700255424092125
3,93,0.8514693182963201
3,94,0.8488554385497896
3,95,0.9803627446568495
3,96,0.7546154281781181
3,97,1.1562631380634967
3,98,0.5540256712864887
3,99,0.8359957469322968
3,100,0.3354101966249685
4,0,0.6009252125773316
4,1,0.11785113019775793
4,2,0.08975274678557506
4,3,0.08975274678557506
4,5,0.08333333333333333
4,6,0.08975274678557506
4,7,0.11785113019775793
4,8,0.08333333333333333
4,9,0.768295371441074
4,10,0.6871842709362768
4,11,0.6960204339273701
4,12,0.6166666666666667
4,13,0.7905694150420948
4,14,0.6346477588219923
4,15,0.731057073315377
4,16,0.7453559924999299
4,17,0.6718548123582124
4,18,1.3124404748406688
4,19,1.2229290885229427
4,20,1.1437025642865175
4,21,1.2936812246883354
4,22,1.1334558757279536
4,23,1.285496013218244
4,24,1.1241045819278166
4,25,1.2747548783981961
4,26,1.5023130314433288
4,27,1.4577379737113254
4,28,1.460973800054075
4,29,1.3869430814244366
4,30,1.4067298564006128
4,31,1.3590233421264126
4,32,1.3933373205684576
4,33,1.419115530493867
4,34,1.317615691736825
4,35,0.787753486539765
4,36,0.7546154281781181
4,37,0.7507403753036805
4,38,0.7
4,39,0.6666666666666666
4,40,0.6718548123582124
4,41,0.6387922632245601
4,42,0.5833333333333334
4,43,0.5892556509887896
4,44,0.5842849380986035
4,45,0.03333333333333333
4,46,0.03333333333333333
4,47,0.6559556218051477
4,48,1.3026682019779423
4,49,1.1911712256803757
4,50,1.1461287497969463
4,51,1.157703665787484
4,52,0.8374896350934075
4,53,0.5
4,54,0.6718548123582124
4,55,0.37267799624996495
4,56,0.9013878188659973
4,57,0.9316949906249123
4,58,1.16963907063485
4,59,1.0137937550497034
4,60,0.3435921354681384
4,61,0.485912657903775
4,62,1.0606601717798212
4,63,1.25
4,64,0.9316949906249123
4,65,0.7120003121097942
4,66,0.7975657409336933
4,67,0.968962790249909
4,68,0.47140452079103173
4,69,0.5013869652163775
4,70,0.3100179206289712
4,71,0.8579691784155834
4,72,0.7590198357823801
4,73,0.448454134902457
4,74,1.0
4,75,1.2747548783981961
4,76,1.3148721948877349
4,77,1.2843069899538988
4,78,0.4472135954999579
4,79,0.30731814857642953
4,80,0.7106335201775947
4,81,0.6066758241067098
4,82,0.6276056794587578
4,83,0.8644201653259961
4,84,1.0501322668015576
4,85,1.1900046685249226
4,86,0.9334821309960297
4,87,0.9428090415820635
4,88,0.37267799624996495
4,89,1.4751647742239207
4,90,0.6186903731090195
4,91,0.7966945601811413
4,92,0.8263036837493694
4,93,0.8274794391537607
4,94,0.8153049872423339
4,95,0.9346716595206636
4,96,0.726674311886388
4,97,1.0671873729054748
4,98,0.4772607021092118
4,99,0.7566372975210778
4,100,0.28382310609877337
5,0,0.6718548123582124
5,1,0.08333333333333333
5,2,0.1699673171197595
5,3,0.03333333333333333
5,4,0.08333333333333333
5,6,0.1699673171197595
5,7,0.18633899812498247
5,8,0.11785113019775793
5,9,0.8498365855987975
5,10,0.768295371441074
5,11,0.7762087348130011
5,12,0.6960204339273701
5,13,0.8700255424092125
5,14,0.7120003121097942
5,15,0.8077747210701757
5,16,0.8207381501496753
5,17,0.7453559924999299
5,18,1.3920408678547402
5,19,1.3026682019779423
5,20,1.2229290885229427
5,21,1.3743685418725535
5,22,1.2133516482134197
5,23,1.3666666666666667
5,24,1.204620733306177
5,25,1.3565683830083088
5,26,1.550089603144856
5,27,1.5023130314433288
5,28,1.5100588656664276
5,29,1.4337208778404378
5,30,1.4576426936057485
5,31,1.4067298564006128
5,32,1.4447221955179557
5,33,1.4743171677461777
5,34,1.366768288904727
5,35,0.7833333333333333
5,36,0.75
5,37,0.7516648189186453
5,38,0.70494286608522
5,39,0.6718548123582124
5,40,0.6666666666666666
5,41,0.6548960901462834
5,42,0.5892556509887896
5,43,0.5833333333333334
5,44,0.5854722690083433
5,45,0.05
5,46,0.08975274678557506
5,47,0.731057073315377
5,48,1.3828312341794362
5,49,1.2707172078091262
5,50,1.2023125864580955
5,51,1.2304019216861166
5,52,0.9204467514322717
5,53,0.5833333333333334
5,54,0.7168604389202189
5,55,0.44876373392787533
5,56,0.97182531580755
5,57,1.0137937550497034
5,58,1.2527746981977421
5,59,1.0960788698304922
5,60,0.42491829279939874
5,61,0.5335936864527374
5,62,1.1211353372561426
5,63,1.317615691736825
5,64,1.0069204977995476
5,65,0.7905694150420948
5,66,0.873212459828649
5,67,1.025372561018135
5,68,0.5335936864527374
5,69,0.5797509043642028
5,70,0.3655285366576885
5,71,0.9013878188659973
5,72,0.7903937134252917
5,73,0.5134307266916455
5,74,1.0833333333333333
5,75,1.3565683830083088
5,76,1.3873435847771172
5,77,1.3675809949607292
5,78,0.5230784942158405
5,79,0.36704525909242064
5,80,0.7769241347204444
5,81,0.660387091871965
5,82,0.7096556285347922
5,83,0.9435453236478774
5,84,1.1186549463033222
5,85,1.257532857975842
5,86,1.0168032695113096
5,87,1.025372561018135
5,88,0.4549114687985394
5,89,1.5464116169018158
5,90,0.6938219432166216
5,91,0.8644201653259961
5,92,0.8902246907382428
5,93,0.8771798244627178
5,94,0.8720983634634086
5,95,1.0
5,96,0.779244648504064
5,97,1.148066006619635
5,98,0.5590169943749475
5,99,0.8393118874676114
5,100,0.35158371849548314
6,0,0.5550275268448904
6,1,0.2034425935955617
6,2,0.06666666666666667
6,3,0.17950549357115012
6,4,0.08975274678557506
6,5,0.1699673171197595
6,7,0.05
6,8,0.09718253158075502
6,9,0.679869268479038
6,10,0.5983774357005412
6,11,0.6066758241067098
6,12,0.5270462766947299
6,13,0.7009913614937697
6,14,0.5449260908090605
6,15,0.6413960468297951
6,16,0.6559556218051477
6,17,0.5830951894845301
6,18,1.2445436468396314
6,19,1.1548208134213336
6,20,1.0770329614269005
6,21,1.2229290885229427
6,22,1.0651030205780305
6,23,1.2133516482134197
6,24,1.0540925533894598
6,25,1.2005785642301336
6,26,1.4864200094335533
6,27,1.4461635069690044
6,28,1.4434718948116416
6,29,1.3727506854649334
6,30,1.3869430814244366
6,31,1.3437096247164249
6,32,1.3729530217745982
6,33,1.3933373205684576
6,34,1.300534078326627
6,35,0.8334999833366658
6,36,0.8008675851155976
6,37,0.7919736247011148
6,38,0.7380529941828177
6,39,0.70494286608522
6,40,0.71956777149743
6,41,0.6666666666666666
6,42,0.6222718234198157
6,43,0.6387922632245601
6,44,0.6276056794587578
6,45,0.12133516482134198
6,46,0.08333333333333333
6,47,0.5666666666666667
6,48,1.2333333333333334
6,49,1.1236102527122116
6,50,1.120019841094096
6,51,1.1047875612784366
6,52,0.7590198357823801
6,53,0.4179978734661484
6,54,0.6654154925892377
6,55,0.3201562118716424
6,56,0.8537498983243798
6,57,0.856997342145496
6,58,1.084486565666496
6,59,0.9263128821060168
6,60,0.25495097567963926
6,61,0.4798726682962656
6,62,1.028618274947298
6,63,1.2057731498457283
6,64,0.874642784226795
6,65,0.6485025486114573
6,66,0.7403077438170936
6,67,0.9435453236478774
6,68,0.44378423185647825
6,69,0.4403281604540969
6,70,0.3004626062886658
6,71,0.8513061859414757
6,72,0.768295371441074
6,73,0.3655285366576885
6,74,0.9172725270544676
6,75,1.1866151674218375
6,76,1.2619429464123963
6,77,1.2028900383844086
6,78,0.3578485092263981
6,79,0.23154073315749674
6,80,0.6718548123582124
6,81,0.5892556509887896
6,82,0.5540256712864887
6,83,0.798783797754784
6,84,1.0051257522209733
6,85,1.1461287497969463
6,86,0.8514693182963201
6,87,0.8558621384311844
6,88,0.3004626062886658
6,89,1.4240981551689322
6,90,0.5639641438562877
6,91,0.7546154281781181
6,92,0.7903937134252917
6,93,0.8127456893491073
6,94,0.7905694150420948
6,95,0.8956685895029602
6,96,0.7090682462060883
6,97,0.978235372721946
6,98,0.40585985539619734
6,99,0.679869268479038
6,100,0.25440562537456246
7,0,0.5892556509887896
7,1,0.23570226039551587
7,2,0.11666666666666667
7,3,0.2034425935955617
7,4,0.11785113019775793
7,5,0.18633899812498247
7,6,0.05
7,8,0.08333333333333333
7,9,0.6718548123582124
7,10,0.5892556509887896
7,11,0.5948856099191583
7,12,0.5134307266916455
7,13,0.6871842709362768
7,14,0.5270462766947299
7,15,0.6222718234198157
7,16,0.6346477588219923
7,17,0.5590169943749475
7,18,1.262823115967641
7,19,1.1730776236511853
7,20,1.0965856099730653
7,21,1.238839062276542
7,22,1.0833333333333333
7,23,1.2280291346525765
7,24,1.0709549217611563
7,25,1.2133516482134197
7,26,1.529796645890485
7,27,1.4907119849998598
7,28,1.4864200094335533
7,29,1.4166666666666667
7,30,1.4292577716345565
7,31,1.3873435847771172
7,32,1.4150971698084907
7,33,1.4337208778404378
7,34,1.3437096247164249
7,35,0.8825468196582484
7,36,0.8498365855987975
7,37,0.8414603707576225
7,38,0.787753486539765
7,39,0.7546154281781181
7,40,0.768295371441074
7,41,0.7166666666666667
7,42,0.6718548123582124
7,43,0.6871842709362768
7,44,0.6767980168082317
7,45,0.14337208778404378
7,46,0.09718253158075502
7,47,0.5449260908090605
7,48,1.2504443654601798
7,49,1.1423659658795864
7,50,1.1605793572369123
7,51,1.1334558757279536
7,52,0.768295371441074
7,53,0.42491829279939874
7,54,0.7120003121097942
7,55,0.3535533905932738
7,56,0.885845484394554
7,57,0.8700255424092125
7,58,1.0833333333333333
7,59,0.9204467514322717
7,60,0.25
7,61,0.5270462766947299
7,62,1.0671873729054748
7,63,1.238839062276542
7,64,0.9013878188659973
7,65,0.6718548123582124
7,66,0.7673909622147558
7,67,0.9846036991827954
7,68,0.485912657903775
7,69,0.46696419087073004
7,70,0.34801021696368506
7,71,0.8975274678557507
7,72,0.8171767114754175
7,73,0.33082388735465346
7,74,0.9204467514322717
7,75,1.1785113019775793
7,76,1.290348790056394
7,77,1.207384685084989
7,78,0.3374742788552764
7,79,0.19002923751652298
7,80,0.7086763875156433
7,81,0.6335525936249403
7,82,0.5696002496878353
7,83,0.819891591749923
7,84,1.0381607668264956
7,85,1.179453734196942
7,86,0.8558621384311844
7,87,0.8514693182963201
7,88,0.32058973436118904
7,89,1.453348623772776
7,90,0.5934831271588286
7,91,0.7896905160321422
7,92,0.827982823224948
7,93,0.8571593913749194
7,94,0.8321658488546619
7,95,0.9316949906249123
7,96,0.7529571332051013
7,97,0.9675283515799994
7,98,0.42491829279939874
7,99,0.6914156170897181
7,100,0.29814239699997197
8,0,0.6508541396588877
8,1,0.18633899812498247
8,2,0.14337208778404378
8,3,0.14337208778404378
8,4,0.08333333333333333
8,5,0.11785113019775793
8,6,0.09718253158075502
8,7,0.08333333333333333
8,9,0.7546154281781181
8,10,0.6718548123582124
8,11,0.6767980168082317
8,12,0.5948856099191583
8,13,0.768295371441074
8,14,0.6066758241067098
8,15,0.7009913614937697
8,16,0.7120003121097942
8,17,0.6346477588219923
8,18,1.3401906995316417
8,19,1.2504443654601798
8,20,1.1730776236511853
8,21,1.317615691736825
8,22,1.1606990230986767
8,23,1.3074572438303458
8,24,1.14915427839588
8,25,1.2936812246883354
8,26,1.5723301886761007
8,27,1.529796645890485
8,28,1.5301597592698906
8,29,1.4577379737113254
8,30,1.4746939418815763
8,31,1.4292577716345565
8,32,1.460973800054075
8,33,1.4837078178970713
8,34,1.3869430814244366
8,35,0.8706638591072652
8,36,0.8374896350934075
8,37,0.8339997335464536
8,38,0.7833333333333333
8,39,0.75
8,40,0.7546154281781181
8,41,0.7214953607304453
8,42,0.6666666666666666
8,43,0.6718548123582124
8,44,0.667499479816693
8,45,0.08975274678557506
8,46,0.05
8,47,0.6222718234198157
8,48,1.3285330255586423
8,49,1.2194033149226895
8,50,1.2103718436910202
8,51,1.2018504251546631
8,52,0.8498365855987975
8,53,0.5068968775248517
8,54,0.7453559924999299
8,55,0.4166666666666667
8,56,0.9501461875826149
8,57,0.9501461875826149
8,58,1.1666666666666667
8,59,1.0034662148993578
8,60,0.3333333333333333
8,61,0.5590169943749475
8,62,1.1211353372561426
8,63,1.3017082793177754
8,64,0.97182531580755
8,65,0.7453559924999299
8,66,0.8374896350934075
8,67,1.0334677331951665
8,68,0.5335936864527374
8,69,0.5374838498865699
8,70,0.38042374035044424
8,71,0.9316949906249123
8,72,0.8381527307120106
8,73,0.39756201472921876
8,74,1.0034662148993578
8,75,1.2610621625351297
8,76,1.3590233421264126
8,77,1.290241148864127
8,78,0.4166666666666667
8,79,0.25
8,80,0.7661229956374136
8,81,0.6749485577105528
8,82,0.6482883446258908
8,83,0.895203266799719
8,84,1.101135777277262
8,85,1.241974234837422
8,86,0.9386751893552482
8,87,0.9346716595206636
8,88,0.39616214413349043
8,89,1.5210559197843816
8,90,0.6610177338350647
8,91,0.8498365855987975
8,92,0.8839620404117413
8,93,0.8975274678557507
8,94,0.880025252162939
8,95,0.9902300518341967
8,96,0.7951240294584375
8,97,1.049470766095411
8,98,0.5013869652163775
8,99,0.7720823214600313
8,100,0.3435921354681384
9,0,0.5590169943749475
9,1,0.8700255424092125
9,2,0.6960204339273701
9,3,0.856997342145496
9,4,0.768295371441074
9,5,0.8498365855987975
9,6,0.679869268479038
9,7,0.6718548123582124
9,8,0.7546154281781181
9,10,0.08333333333333333
9,11,0.08975274678557506
9,12,0.1699673171197595
9,13,0.08333333333333333
9,14,0.18633899812498247
9,15,0.15723301886761004
9,16,0.18633899812498247
9,17,0.23570226039551587
9,18,0.7557189365836423
9,19,0.6767980168082317
9,20,0.6289320754704402
9,21,0.7071067811865476
9,22,0.6009252125773316
9,23,0.6839428176227731
9,24,0.5734883511361751
9,25,0.6508541396588877
9,26,1.419115530493867
9,27,1.4166666666666667
9,28,1.3692049599027247
9,29,1.3333333333333333
9,30,1.3026682019779423
9,31,1.3
9,32,1.2860361149240283
9,33,1.2610621625351297
9,34,1.25
9,35,1.2637026724844909
9,36,1.238839062276542
9,37,1.2057731498457283
9,38,1.1461287497969463
9,39,1.1211353372561426
9,40,1.1785113019775793
9,41,1.0413666234542205
9,42,1.0606601717798212
9,43,1.1211353372561426
9,44,1.084486565666496
9,45,0.8008675851155976
9,46,0.7617596588017627
9,47,0.21343747458109494
9,48,0.731057073315377
9,49,0.6568020165079343
9,50,1.0333333333333334
9,51,0.7905694150420948
9,52,0.26352313834736496
9,53,0.3004626062886658
9,54,0.8579691784155834
9,55,0.5335936864527374
9,56,0.6666666666666666
9,57,0.37267799624996495
9,58,0.42491829279939874
9,59,0.25
9,60,0.42491829279939874
9,61,0.768295371441074
9,62,0.9166666666666666
9,63,0.9501461875826149
9,64,0.5892556509887896
9,65,0.42491829279939874
9,66,0.5177408189003022
9,67,0.9075302260041321
9,68,0.6508541396588877
9,69,0.45030853620354316
9,70,0.7033649282003064
9,71,0.9753916592266355
9,72,1.0150259985723409
9,73,0.43748015828022296
9,74,0.3004626062886658
9,75,0.5068968775248517
9,76,0.9172725270544676
9,77,0.5756638679723514
9,78,0.35158371849548314
9,79,0.5540256712864887
9,80,0.6482883446258908
9,81,0.7546154281781181
9,82,0.3131382371342656
9,83,0.4549114687985394
9,84,0.7896905160321422
9,85,0.9056918779462351
9,86,0.25927248643506745
9,87,0.18633899812498247
9,88,0.44876373392787533
9,89,1.0735455276791943
9,90,0.4924428900898053
9,91,0.660387091871965
9,92,0.728964257620968
9,93,0.8959786703810408
9,94,0.8127456893491073
9,95,0.7673909622147558
9,96,0.8141116494546543
9,97,0.3004626062886658
9,98,0.38908725099762503
9,99,0.26666666666666666
9,100,0.637921973633488
10,0,0.5270462766947299
10,1,0.7905694150420948
10,2,0.6166666666666667
10,3,0.7762087348130011
10,4,0.6871842709362768
10,5,0.768295371441074
10,6,0.5983774357005412
10,7,0.5892556509887896
10,8,0.6718548123582124
10,9,0.08333333333333333
10,11,0.03333333333333333
10,12,0.08975274678557506
10,13,0.11785113019775793
10,14,0.11785113019775793
10,15,0.13333333333333333
10,16,0.16666666666666666
10,17,0.18633899812498247
10,18,0.8132581932503901
10,19,0.731057073315377
10,20,0.6767980168082317
10,21,0.768295371441074
10,22,0.6508541396588877
10,23,0.7470311610338323
10,24,0.6256108126374487
10,25,0.7168604389202189
10,26,1.4264368973853074
10,27,1.419115530493867
10,28,1.376791761870892
10,29,1.33593496182345
10,30,1.3106402167558333
10,31,1.3026682019779423
10,32,1.2941105911869442
10,33,1.2747548783981961
10,34,1.2527746981977421
10,35,1.2103718436910202
10,36,1.1843892002959913
10,37,1.1533766851197305
10,38,1.0934146311237818
10,39,1.0671873729054748
10,40,1.1211353372561426
10,41,0.9900897826852765
10,42,1.0034662148993578
10,43,1.0606601717798212
10,44,1.0259142264341596
10,45,0.71956777149743
10,46,0.679869268479038
10,47,0.15723301886761004
10,48,0.7903937134252917
10,49,0.7086763875156433
10,50,1.0366881026722659
10,51,0.8207381501496753
10,52,0.3004626062886658
10,53,0.23570226039551587
10,54,0.8207381501496753
10,55,0.47140452079103173
10,56,0.6718548123582124
10,57,0.4166666666666667
10,58,0.5068968775248517
10,59,0.3333333333333333
10,60,0.3435921354681384
10,61,0.7168604389202189
10,62,0.9204467514322717
10,63,0.9753916592266355
10,64,0.6066758241067098
10,65,0.4166666666666667
10,66,0.5190803834132478
10,67,0.9006170724070863
10,68,0.6009252125773316
10,69,0.40311288741492746
10,70,0.6381396573025548
10,71,0.9501461875826149
10,72,0.9766723549322408
10,73,0.35901098714230023
10,74,0.37267799624996495
10,75,0.5892556509887896
10,76,0.9551032521262934
10,77,0.653622385037586
10,78,0.26874192494328497
10,79,0.47140452079103173
10,80,0.6276056794587578
10,81,0.7158910531638177
10,82,0.2877112750272011
10,83,0.47434164902525694
10,84,0.8045012257431448
10,85,0.9276613366717165
10,86,0.3236081306491267
10,87,0.26874192494328497
10,88,0.38005847503304596
10,89,1.1147994338793763
10,90,0.4648775226993785
10,91,0.6508541396588877
10,92,0.7184087354084102
10,93,0.873212459828649
10,94,0.7945998294040145
10,95,0.768295371441074
10,96,0.7854581111965452
10,97,0.38005847503304596
10,98,0.3333333333333333
10,99,0.2793842435706702
10,100,0.570087712549569
11,0,0.5587684871413404
11,1,0.8017342313870462
11,2,0.6282692274990255
11,3,0.7854581111965452
11,4,0.6960204339273701
11,5,0.7762087348130011
11,6,0.6066758241067098
11,7,0.5948856099191583
11,8,0.6767980168082317
11,9,0.08975274678557506
11,10,0.03333333333333333
11,12,0.08333333333333333
11,13,0.09718253158075502
11,14,0.09718253158075502
11,15,0.1
11,16,0.13333333333333333
11,17,0.15723301886761004
11,18,0.8368260140422128
11,19,0.7557189365836423
11,20,0.7033649282003064
11,21,0.7903937134252917
11,22,0.6767980168082317
11,23,0.768295371441074
11,24,0.6508541396588877
11,25,0.7367345368433448
11,26,1.4595471139287617
11,27,1.4523926619356229
11,28,1.40988573217044
11,29,1.3692049599027247
11,30,1.3437096247164249
11,31,1.33593496182345
11,32,1.3271732701078969
11,33,1.3074572438303458
11,34,1.2860361149240283
11,35,1.2367070972726097
11,36,1.2103718436910202
11,37,1.1800423721205948
11,38,1.120019841094096
11,39,1.0934146311237818
11,40,1.1461287497969463
11,41,1.0172129679778086
11,42,1.028618274947298
11,43,1.084486565666496
11,44,1.0505289672879616
11,45,0.7280109889280518
11,46,0.6871842709362768
11,47,0.13017082793177756
11,48,0.8132581932503901
11,49,0.7340905181848413
11,50,1.0699169230469356
11,51,0.8513061859414757
11,52,0.3287180487219337
11,53,0.2603416558635551
11,54,0.8513061859414757
11,55,0.49553562491061687
11,56,0.70494286608522
11,57,0.44378423185647825
11,58,0.5134307266916455
11,59,0.334995854037363
11,60,0.3531603350069515
11,61,0.744237118725537
11,62,0.9536479667279979
11,63,1.0067825540359303
11,64,0.6387922632245601
11,65,0.45
11,66,0.552268050859363
11,67,0.9339283817414601
11,68,0.6289320754704402
11,69,0.43237072570242824
11,70,0.660387091871965
11,71,0.982344135219425
11,72,1.0069204977995476
11,73,0.34801021696368506
11,74,0.38873012632302006
11,75,0.5854722690083433
11,76,0.9843215373488934
11,77,0.6654154925892377
11,78,0.26666666666666666
11,79,0.46785562825393995
11,80,0.660387091871965
11,81,0.7462871059079369
11,82,0.32058973436118904
11,83,0.5060742150229658
11,84,0.8369919686326479
11,85,0.9594558643082837
11,86,0.3435921354681384
11,87,0.2748737083745107
11,88,0.4013864859597432
11,89,1.1433381924094999
11,90,0.49721446300587663
11,91,0.6841458583924598
11,92,0.7516648189186453
11,93,0.9056918779462351
11,94,0.8274794391537607
11,95,0.8015609770940699
11,96,0.8173466556826153
11,97,0.37267799624996495
11,98,0.36055512754639896
11,99,0.3113590282044901
11,100,0.5911382616989399
12,0,0.5398044913567215
12,1,0.7243771270700243
12,2,0.5517648452415617
12,3,0.706320670013903
12,4,0.6166666666666667
12,5,0.6960204339273701
12,6,0.5270462766947299
12,7,0.5134307266916455
12,8,0.5948856099191583
12,9,0.1699673171197595
12,10,0.08975274678557506
12,11,0.08333333333333333
12,13,0.17400510848184253
12,14,0.05
12,15,0.13017082793177756
12,16,0.15723301886761004
12,17,0.13333333333333333
12,18,0.896908269804914
12,19,0.8132581932503901
12,20,0.7557189365836423
12,21,0.8537498983243798
12,22,0.731057073315377
12,23,0.8333333333333334
12,24,0.7071067811865476
12,25,0.8043285674675771
12,26,1.4713938969562161
12,27,1.4595471139287617
12,28,1.4221462653327894
12,29,1.376791761870892
12,30,1.3565683830083088
12,31,1.3437096247164249
12,32,1.3401906995316417
12,33,1.3259168735465867
12,34,1.2941105911869442
12,35,1.1880188924797823
12,36,1.1605793572369123
12,37,1.132597800535467
12,38,1.072510036213078
12,39,1.0446955962809878
12,40,1.0934146311237818
12,41,0.97182531580755
12,42,0.9766723549322408
12,43,1.028618274947298
12,44,0.9969397619158787
12,45,0.6482883446258908
12,46,0.6066758241067098
12,47,0.1
12,48,0.8749603165604459
12,49,0.7896905160321422
12,50,1.079608982713443
12,51,0.8872554436137443
12,52,0.37785946829182115
12,53,0.21666666666666667
12,54,0.822259758902934
12,55,0.44378423185647825
12,56,0.71956777149743
12,57,0.49553562491061687
12,58,0.5948856099191583
12,59,0.4179978734661484
12,60,0.27588242262078083
12,61,0.7009913614937697
12,62,0.9645090864153524
12,63,1.0373577546396957
12,64,0.6654154925892377
12,65,0.4576510072581994
12,66,0.5659308948783216
12,67,0.9346716595206636
12,68,0.5890199015690765
12,69,0.4006938426723769
12,70,0.6020797289396147
12,71,0.9645090864153524
12,72,0.9753916592266355
12,73,0.26925824035672513
12,74,0.46218082079540157
12,75,0.6685390373377194
12,76,1.0264556060108547
12,77,0.7433034373659253
12,78,0.18333333333333332
12,79,0.38477987935383984
12,80,0.6508541396588877
12,81,0.7168604389202189
12,82,0.3184162195757133
12,83,0.5367080729368205
12,84,0.8591015979239914
12,85,0.9872802146413258
12,86,0.41163630117428224
12,87,0.35629263877386586
12,88,0.3435921354681384
12,89,1.1880188924797823
12,90,0.4844813951249545
12,91,0.6851601597031489
12,92,0.7507403753036805
12,93,0.8910044269749107
12,94,0.8181958472422385
12,95,0.8110350040397626
12,96,0.7975657409336933
12,97,0.4549114687985394
12,98,0.32188679859713276
12,99,0.34318767136623335
12,100,0.530461015427985
13,0,0.6346477588219923
13,1,0.8975274678557507
13,2,0.7243771270700243
13,3,0.8801830617673929
13,4,0.7905694150420948
13,5,0.8700255424092125
13,6,0.7009913614937697
13,7,0.6871842709362768
13,8,0.768295371441074
13,9,0.08333333333333333
13,10,0.11785113019775793
13,11,0.09718253158075502
13,12,0.17400510848184253
13,14,0.16666666666666666
13,15,0.09718253158075502
13,16,0.11785113019775793
13,17,0.18633899812498247
13,18,0.8200609733428362
13,19,0.744237118725537
13,20,0.7009913614937697
13,21,0.768295371441074
13,22,0.6718548123582124
13,23,0.7433034373659253
13,24,0.6431260460524914
13,25,0.7071067811865476
13,26,1.5023130314433288
13,27,1.5
13,28,1.4523926619356229
13,29,1.4166666666666667
13,30,1.3858411003991602
13,31,1.3833333333333333
13,32,1.3692049599027247
13,33,1.3437096247164249
13,34,1.3333333333333333
13,35,1.3274871834493251
13,36,1.3017082793177754
13,37,1.2702799341527486
13,38,1.2103718436910202
13,39,1.1843892002959913
13,40,1.238839062276542
13,41,1.1066716867356017
13,42,1.1211353372561426
13,43,1.1785113019775793
13,44,1.1437025642865175
13,45,0.822259758902934
13,46,0.7806692285753579
13,47,0.17400510848184253
13,48,0.7939003575876369
13,49,0.7261006970263989
13,50,1.1166666666666667
13,51,0.8700255424092125
13,52,0.3435921354681384
13,53,0.3535533905932738
13,54,0.9316949906249123
13,55,0.5892556509887896
13,56,0.75
13,57,0.44876373392787533
13,58,0.44876373392787533
13,59,0.26352313834736496
13,60,0.44876373392787533
13,61,0.8333333333333334
13,62,1.0
13,63,1.0307764064044151
13,64,0.6718548123582124
13,65,0.5068968775248517
13,66,0.6009252125773316
13,67,0.9902300518341967
13,68,0.7168604389202189
13,69,0.5177408189003022
13,70,0.7557189365836423
13,71,1.0540925533894598
13,72,1.0883218478209673
13,73,0.4196559437338057
13,74,0.3535533905932738
13,75,0.5
13,76,0.9935905707192587
13,77,0.6119186583561941
13,78,0.3535533905932738
13,79,0.5502524673073059
13,80,0.7280109889280518
13,81,0.8274794391537607
13,82,0.3901566636906542
13,83,0.5374838498865699
13,84,0.8724168218868267
13,85,0.9871395263307232
13,86,0.3236081306491267
13,87,0.2173067468400883
13,88,0.49721446300587663
13,89,1.1479450238481708
13,90,0.5696002496878353
13,91,0.7425556469981821
13,92,0.8110350040397626
13,93,0.9753916592266355
13,94,0.8933395522171598
13,95,0.850653343678323
13,96,0.8914719413544221
13,97,0.28382310609877337
13,98,0.45030853620354316
13,99,0.35
13,100,0.6871842709362768
14,0,0.5892556509887896
14,1,0.7453559924999299
14,2,0.5746979883188889
14,3,0.7243771270700243
14,4,0.6346477588219923
14,5,0.7120003121097942
14,6,0.5449260908090605
14,7,0.5270462766947299
14,8,0.6066758241067098
14,9,0.18633899812498247
14,10,0.11785113019775793
14,11,0.09718253158075502
14,12,0.05
14,13,0.16666666666666666
14,15,0.09718253158075502
14,16,0.11785113019775793
14,17,0.08333333333333333
14,18,0.9310985148975615
14,19,0.8488554385497896
14,20,0.7939003575876369
14,21,0.885845484394554
14,22,0.768295371441074
14,23,0.8642594774976116
14,24,0.7433034373659253
14,25,0.8333333333333334
14,26,1.5206906325745548
14,27,1.5092308563562362
14,28,1.4713938969562161
14,29,1.4264368973853074
14,30,1.4057421922639697
14,31,1.3933373205684576
14,32,1.3893443697578283
14,33,1.3743685418725535
14,34,1.3437096247164249
14,35,1.2297244497131143
14,36,1.2018504251546631
14,37,1.174852236571807
14,38,1.1147994338793763
14,39,1.0865337342004415
14,40,1.1334558757279536
14,41,1.0150259985723409
14,42,1.0172129679778086
14,43,1.0671873729054748
14,44,1.0366881026722659
14,45,0.6654154925892377
14,46,0.6222718234198157
14,47,0.05
14,48,0.9081421817216853
14,49,0.8263036837493694
14,50,1.1290359702959964
14,51,0.9316949906249123
14,52,0.4166666666666667
14,53,0.26352313834736496
14,54,0.8700255424092125
14,55,0.485912657903775
14,56,0.768295371441074
14,57,0.5335936864527374
14,58,0.6066758241067098
14,59,0.42491829279939874
14,60,0.3004626062886658
14,61,0.7453559924999299
14,62,1.0137937550497034
14,63,1.0833333333333333
14,64,0.7120003121097942
14,65,0.5068968775248517
14,66,0.6146362971528591
14,67,0.9846036991827954
14,68,0.6346477588219923
14,69,0.44876373392787533
14,70,0.6403124237432848
14,71,1.0137937550497034
14,72,1.0225241100118645
14,73,0.25495097567963926
14,74,0.485912657903775
14,75,0.6666666666666666
14,76,1.0690078473883051
14,77,0.7615773105863909
14,78,0.19002923751652298
14,79,0.3836954811073779
14,80,0.7007932013876214
14,81,0.7646713164636307
14,82,0.3681787005729087
14,83,0.582141639885766
14,84,0.9067647005823629
14,85,1.0338708279513882
14,86,0.4400126260814695
14,87,0.3689323936863109
14,88,0.3836954811073779
14,89,1.2297244497131143
14,90,0.5343739847293799
14,91,0.7350359023733316
14,92,0.8006941432976209
14,93,0.9405967373014975
14,94,0.8681077762070278
14,95,0.8603939666093539
14,96,0.8467257197253693
14,97,0.45030853620354316
14,98,0.3689323936863109
14,99,0.3876567783204336
14,100,0.5676462121975467
15,0,0.6548960901462834
15,1,0.8422852512328851
15,2,0.6718548123582124
15,3,0.8207381501496753
15,4,0.731057073315377
15,5,0.8077747210701757
15,6,0.6413960468297951
15,7,0.6222718234198157
15,8,0.7009913614937697
15,9,0.15723301886761004
15,10,0.13333333333333333
15,11,0.1
15,12,0.13017082793177756
15,13,0.09718253158075502
15,14,0.09718253158075502
15,16,0.03333333333333333
15,17,0.08975274678557506
15,18,0.911195795522443
15,19,0.8333333333333334
15,20,0.7861650943380504
15,21,0.8610394235392992
15,22,0.7581043610362772
15,23,0.8368260140422128
15,24,0.7304869000270375
15,25,0.8017342313870462
15,26,1.5589348215296808
15,27,1.5522385269166736
15,28,1.5092308563562362
15,29,1.469032183294687
15,30,1.4429907214608906
15,31,1.4357537702854515
15,32,1.4264368973853074
15,33,1.4057421922639697
15,34,1.3858411003991602
15,35,1.317615691736825
15,36,1.290348790056394
15,37,1.2619429464123963
15,38,1.2018504251546631
15,39,1.174260996920569
15,40,1.2234968101488635
15,41,1.1006311320732705
15,42,1.1066716867356017
15,43,1.15878288638458
15,44,1.1270660041797809
15,45,0.7615773105863909
15,46,0.7180219742846005
15,47,0.08333333333333333
15,48,0.885845484394554
15,49,0.8137703743822468
15,50,1.16963907063485
15,51,0.9441339358845697
15,52,0.4179978734661484
15,53,0.34318767136623335
15,54,0.9441339358845697
15,55,0.5734883511361751
15,56,0.8043285674675771
15,57,0.5294126724756196
15,58,0.5449260908090605
15,59,0.35901098714230023
15,60,0.39756201472921876
15,61,0.8289886743630592
15,62,1.0533016872883307
15,63,1.1016401913107159
15,64,0.7357913351548039
15,65,0.55
15,66,0.6519202405202649
15,67,1.0338708279513882
15,68,0.7156970184527962
15,69,0.5230784942158405
15,70,0.7321960878829599
15,71,1.0793516572461452
15,72,1.0987366482566339
15,73,0.3333333333333333
15,74,0.448454134902457
15,75,0.5854722690083433
15,76,1.073416145873641
15,77,0.7090682462060883
15,78,0.28480012484391765
15,79,0.47140452079103173
15,80,0.7590198357823801
15,81,0.838815302144108
15,82,0.4196559437338057
15,83,0.6023103666530885
15,84,0.9348202441586773
15,85,1.055409346599171
15,86,0.413991411612474
15,87,0.3144660377352201
15,88,0.4737556801183965
15,89,1.2304019216861166
15,90,0.5948856099191583
15,91,0.7840422324226051
15,92,0.8514693182963201
15,93,1.0034662148993578
15,94,0.9263128821060168
15,95,0.9013878188659973
15,96,0.9136313382443831
15,97,0.3681787005729087
15,98,0.4472135954999579
15,99,0.40858835573770874
15,100,0.660387091871965
16,0,0.6871842709362768
16,1,0.8579691784155834
16,2,0.6890008869531462
16,3,0.8348319857578796
16,4,0.7453559924999299
16,5,0.8207381501496753
16,6,0.6559556218051477
16,7,0.6346477588219923
16,8,0.7120003121097942
16,9,0.18633899812498247
16,10,0.16666666666666666
16,11,0.13333333333333333
16,12,0.15723301886761004
16,13,0.11785113019775793
16,14,0.11785113019775793
16,15,0.03333333333333333
16,17,0.08333333333333333
16,18,0.9370461864580398
16,19,0.8602325267042626
16,20,0.8146232939899958
16,21,0.885845484394554
16,22,0.7861650943380504
16,23,0.8610394235392992
16,24,0.7581043610362772
16,25,0.8249579113843055
16,26,1.5920810978785667
16,27,1.5855247992033707
16,28,1.5423647068345698
16,29,1.5023130314433288
16,30,1.4761059883656353
16,31,1.469032183294687
16,32,1.4595471139287617
16,33,1.4385563751360058
16,34,1.419115530493867
16,35,1.345155918265405
16,36,1.317615691736825
16,37,1.2898104942630568
16,38,1.2297244497131143
16,39,1.2018504251546631
16,40,1.25
16,41,1.1290359702959964
16,42,1.1334558757279536
16,43,1.1843892002959913
16,44,1.1533766851197305
16,45,0.7753135566408672
16,46,0.731057073315377
16,47,0.08975274678557506
16,48,0.911195795522443
16,49,0.8412952976082642
16,50,1.2028900383844086
16,51,0.9753916592266355
16,52,0.44876373392787533
16,53,0.37267799624996495
16,54,0.9753916592266355
16,55,0.6009252125773316
16,56,0.8374896350934075
16,57,0.5590169943749475
16,58,0.5590169943749475
16,59,0.37267799624996495
16,60,0.4166666666666667
16,61,0.8579691784155834
16,62,1.0865337342004415
16,63,1.1334558757279536
16,64,0.768295371441074
16,65,0.5833333333333334
16,66,0.6851601597031489
